Sample	0	1	2	3	4	5	6	7	8	9	10	11	12	13	14	15	16	17	18	19	20	21	22	23	24	25	26	27	28	29	30	31
raw_fastq | fastqc_results | Control_MNP_III_S56_L002_R1_001	(12.0, 31.0)	(13.0, 1182.0)	(14.0, 10095.0)	(15.0, 27773.0)	(16.0, 34695.0)	(17.0, 39504.0)	(18.0, 55668.0)	(19.0, 79077.0)	(20.0, 102812.0)	(21.0, 124896.0)	(22.0, 151355.0)	(23.0, 179185.0)	(24.0, 207439.0)	(25.0, 247116.0)	(26.0, 293030.0)	(27.0, 333920.0)	(28.0, 392165.0)	(29.0, 460628.0)	(30.0, 520143.0)	(31.0, 630119.0)	(32.0, 757773.0)	(33.0, 920215.0)	(34.0, 1246208.0)	(35.0, 1632418.0)	(36.0, 2710746.0)	(37.0, 4607275.0)	(38.0, 11069857.0)	(39.0, 77908239.0)	(40.0, 28938837.0)			
raw_fastq | fastqc_results | Control_MNP_III_S56_L002_R2_001	(9.0, 1.0)	(10.0, 91.0)	(11.0, 962.0)	(12.0, 6281.0)	(13.0, 44793.0)	(14.0, 157256.0)	(15.0, 203878.0)	(16.0, 167617.0)	(17.0, 134359.0)	(18.0, 126708.0)	(19.0, 135419.0)	(20.0, 147921.0)	(21.0, 161399.0)	(22.0, 179845.0)	(23.0, 201276.0)	(24.0, 222438.0)	(25.0, 251879.0)	(26.0, 283643.0)	(27.0, 313067.0)	(28.0, 356195.0)	(29.0, 400855.0)	(30.0, 453491.0)	(31.0, 534875.0)	(32.0, 624802.0)	(33.0, 769598.0)	(34.0, 1010541.0)	(35.0, 1330823.0)	(36.0, 2213592.0)	(37.0, 3834442.0)	(38.0, 9982402.0)	(39.0, 77971415.0)	(40.0, 31460537.0)
raw_fastq | fastqc_results | Control_MNP_II_S55_L002_R1_001	(11.0, 1.0)	(12.0, 25.0)	(13.0, 775.0)	(14.0, 7234.0)	(15.0, 21193.0)	(16.0, 27258.0)	(17.0, 33028.0)	(18.0, 48006.0)	(19.0, 70147.0)	(20.0, 92700.0)	(21.0, 113319.0)	(22.0, 137815.0)	(23.0, 164148.0)	(24.0, 190968.0)	(25.0, 228076.0)	(26.0, 270740.0)	(27.0, 310231.0)	(28.0, 362114.0)	(29.0, 423867.0)	(30.0, 482161.0)	(31.0, 580884.0)	(32.0, 697247.0)	(33.0, 842284.0)	(34.0, 1140077.0)	(35.0, 1497704.0)	(36.0, 2473608.0)	(37.0, 4218017.0)	(38.0, 10210704.0)	(39.0, 74675293.0)	(40.0, 28552066.0)		
raw_fastq | fastqc_results | Control_MNP_II_S55_L002_R2_001	(10.0, 141.0)	(11.0, 1168.0)	(12.0, 6712.0)	(13.0, 50477.0)	(14.0, 176670.0)	(15.0, 224833.0)	(16.0, 176992.0)	(17.0, 139537.0)	(18.0, 130045.0)	(19.0, 138299.0)	(20.0, 151459.0)	(21.0, 166186.0)	(22.0, 186413.0)	(23.0, 208922.0)	(24.0, 230648.0)	(25.0, 259359.0)	(26.0, 290913.0)	(27.0, 321989.0)	(28.0, 363159.0)	(29.0, 407923.0)	(30.0, 457668.0)	(31.0, 537415.0)	(32.0, 625434.0)	(33.0, 764571.0)	(34.0, 1004523.0)	(35.0, 1316229.0)	(36.0, 2176452.0)	(37.0, 3741138.0)	(38.0, 9771924.0)	(39.0, 75595194.0)	(40.0, 28249297.0)	
raw_fastq | fastqc_results | Control_MNP_I_S54_L002_R1_001	(12.0, 26.0)	(13.0, 801.0)	(14.0, 7152.0)	(15.0, 20693.0)	(16.0, 27643.0)	(17.0, 33888.0)	(18.0, 49908.0)	(19.0, 72210.0)	(20.0, 94820.0)	(21.0, 115653.0)	(22.0, 140273.0)	(23.0, 166652.0)	(24.0, 194202.0)	(25.0, 229242.0)	(26.0, 272064.0)	(27.0, 309201.0)	(28.0, 358626.0)	(29.0, 418607.0)	(30.0, 472800.0)	(31.0, 568806.0)	(32.0, 677360.0)	(33.0, 814955.0)	(34.0, 1100185.0)	(35.0, 1442222.0)	(36.0, 2368876.0)	(37.0, 4021764.0)	(38.0, 9676397.0)	(39.0, 72418428.0)	(40.0, 29387765.0)			
raw_fastq | fastqc_results | Control_MNP_I_S54_L002_R2_001	(9.0, 5.0)	(10.0, 131.0)	(11.0, 1162.0)	(12.0, 6539.0)	(13.0, 44480.0)	(14.0, 155796.0)	(15.0, 199131.0)	(16.0, 160976.0)	(17.0, 129354.0)	(18.0, 122632.0)	(19.0, 130764.0)	(20.0, 144384.0)	(21.0, 157335.0)	(22.0, 175858.0)	(23.0, 196878.0)	(24.0, 218477.0)	(25.0, 246080.0)	(26.0, 276499.0)	(27.0, 303669.0)	(28.0, 341804.0)	(29.0, 383484.0)	(30.0, 427410.0)	(31.0, 504188.0)	(32.0, 585069.0)	(33.0, 712646.0)	(34.0, 932328.0)	(35.0, 1214916.0)	(36.0, 2006241.0)	(37.0, 3450780.0)	(38.0, 9011595.0)	(39.0, 73406923.0)	(40.0, 29813685.0)
raw_fastq | fastqc_results | Only_MNP_C1_S57_L002_R1_001	(12.0, 17.0)	(13.0, 571.0)	(14.0, 5226.0)	(15.0, 15031.0)	(16.0, 20915.0)	(17.0, 27815.0)	(18.0, 42422.0)	(19.0, 62138.0)	(20.0, 83011.0)	(21.0, 102204.0)	(22.0, 124581.0)	(23.0, 148383.0)	(24.0, 172986.0)	(25.0, 206505.0)	(26.0, 246752.0)	(27.0, 282762.0)	(28.0, 332694.0)	(29.0, 390241.0)	(30.0, 443907.0)	(31.0, 538471.0)	(32.0, 645967.0)	(33.0, 786440.0)	(34.0, 1067641.0)	(35.0, 1407116.0)	(36.0, 2341108.0)	(37.0, 3996981.0)	(38.0, 9793774.0)	(39.0, 68313080.0)	(40.0, 22738932.0)			
raw_fastq | fastqc_results | Only_MNP_C1_S57_L002_R2_001	(9.0, 4.0)	(10.0, 84.0)	(11.0, 877.0)	(12.0, 5227.0)	(13.0, 34920.0)	(14.0, 119528.0)	(15.0, 156911.0)	(16.0, 132704.0)	(17.0, 111250.0)	(18.0, 107382.0)	(19.0, 115892.0)	(20.0, 128085.0)	(21.0, 141733.0)	(22.0, 157790.0)	(23.0, 178178.0)	(24.0, 197099.0)	(25.0, 223920.0)	(26.0, 252528.0)	(27.0, 279494.0)	(28.0, 315184.0)	(29.0, 355072.0)	(30.0, 399466.0)	(31.0, 470647.0)	(32.0, 548441.0)	(33.0, 672593.0)	(34.0, 884717.0)	(35.0, 1160770.0)	(36.0, 1936042.0)	(37.0, 3351654.0)	(38.0, 8842872.0)	(39.0, 68145224.0)	(40.0, 24911383.0)
raw_fastq | fastqc_results | Only_MNP_C2_S58_L002_R1_001	(12.0, 29.0)	(13.0, 977.0)	(14.0, 8391.0)	(15.0, 23106.0)	(16.0, 28593.0)	(17.0, 33620.0)	(18.0, 48634.0)	(19.0, 69651.0)	(20.0, 91427.0)	(21.0, 111450.0)	(22.0, 135228.0)	(23.0, 160734.0)	(24.0, 187822.0)	(25.0, 223414.0)	(26.0, 265122.0)	(27.0, 303157.0)	(28.0, 354353.0)	(29.0, 415674.0)	(30.0, 470455.0)	(31.0, 568872.0)	(32.0, 680785.0)	(33.0, 822290.0)	(34.0, 1113644.0)	(35.0, 1460040.0)	(36.0, 2427119.0)	(37.0, 4151582.0)	(38.0, 10221843.0)	(39.0, 73222154.0)	(40.0, 24244236.0)			
raw_fastq | fastqc_results | Only_MNP_C2_S58_L002_R2_001	(9.0, 3.0)	(10.0, 99.0)	(11.0, 854.0)	(12.0, 5179.0)	(13.0, 33064.0)	(14.0, 114310.0)	(15.0, 154707.0)	(16.0, 134558.0)	(17.0, 112626.0)	(18.0, 108954.0)	(19.0, 118667.0)	(20.0, 131724.0)	(21.0, 145473.0)	(22.0, 163499.0)	(23.0, 184136.0)	(24.0, 205064.0)	(25.0, 232767.0)	(26.0, 262848.0)	(27.0, 290704.0)	(28.0, 327115.0)	(29.0, 369028.0)	(30.0, 414035.0)	(31.0, 486647.0)	(32.0, 567489.0)	(33.0, 693513.0)	(34.0, 906527.0)	(35.0, 1184253.0)	(36.0, 1961819.0)	(37.0, 3404401.0)	(38.0, 9031125.0)	(39.0, 73027411.0)	(40.0, 27071803.0)
raw_fastq | fastqc_results | Only_MNP_C3_S59_L002_R1_001	(12.0, 28.0)	(13.0, 784.0)	(14.0, 7231.0)	(15.0, 20449.0)	(16.0, 26416.0)	(17.0, 32473.0)	(18.0, 47438.0)	(19.0, 68711.0)	(20.0, 91348.0)	(21.0, 111678.0)	(22.0, 135436.0)	(23.0, 161559.0)	(24.0, 188627.0)	(25.0, 224045.0)	(26.0, 265924.0)	(27.0, 303207.0)	(28.0, 355737.0)	(29.0, 418363.0)	(30.0, 473600.0)	(31.0, 574196.0)	(32.0, 687852.0)	(33.0, 837813.0)	(34.0, 1134758.0)	(35.0, 1490467.0)	(36.0, 2473947.0)	(37.0, 4206743.0)	(38.0, 10160542.0)	(39.0, 72106817.0)	(40.0, 27149152.0)			
raw_fastq | fastqc_results | Only_MNP_C3_S59_L002_R2_001	(9.0, 2.0)	(10.0, 88.0)	(11.0, 990.0)	(12.0, 5716.0)	(13.0, 34714.0)	(14.0, 112885.0)	(15.0, 153230.0)	(16.0, 136708.0)	(17.0, 116045.0)	(18.0, 113537.0)	(19.0, 123795.0)	(20.0, 137833.0)	(21.0, 152260.0)	(22.0, 171075.0)	(23.0, 191788.0)	(24.0, 214098.0)	(25.0, 242144.0)	(26.0, 274006.0)	(27.0, 302692.0)	(28.0, 343256.0)	(29.0, 385811.0)	(30.0, 434081.0)	(31.0, 511639.0)	(32.0, 598660.0)	(33.0, 734578.0)	(34.0, 967633.0)	(35.0, 1269411.0)	(36.0, 2116348.0)	(37.0, 3657221.0)	(38.0, 9542632.0)	(39.0, 73059427.0)	(40.0, 27651038.0)
raw_fastq | fastqc_results | Only_MNP_C4_S60_L002_R1_001	(12.0, 35.0)	(13.0, 987.0)	(14.0, 9419.0)	(15.0, 24956.0)	(16.0, 30437.0)	(17.0, 34981.0)	(18.0, 49736.0)	(19.0, 70928.0)	(20.0, 92426.0)	(21.0, 112689.0)	(22.0, 136069.0)	(23.0, 160926.0)	(24.0, 188936.0)	(25.0, 225770.0)	(26.0, 267976.0)	(27.0, 308148.0)	(28.0, 362659.0)	(29.0, 426683.0)	(30.0, 488084.0)	(31.0, 594112.0)	(32.0, 714324.0)	(33.0, 869901.0)	(34.0, 1185033.0)	(35.0, 1565265.0)	(36.0, 2614687.0)	(37.0, 4461612.0)	(38.0, 10882820.0)	(39.0, 73106192.0)	(40.0, 22833650.0)			
raw_fastq | fastqc_results | Only_MNP_C4_S60_L002_R2_001	(9.0, 2.0)	(10.0, 95.0)	(11.0, 1187.0)	(12.0, 6644.0)	(13.0, 40525.0)	(14.0, 136097.0)	(15.0, 179382.0)	(16.0, 152198.0)	(17.0, 124941.0)	(18.0, 118146.0)	(19.0, 126489.0)	(20.0, 137514.0)	(21.0, 150280.0)	(22.0, 168010.0)	(23.0, 188578.0)	(24.0, 208213.0)	(25.0, 236232.0)	(26.0, 267666.0)	(27.0, 296115.0)	(28.0, 336307.0)	(29.0, 380300.0)	(30.0, 429307.0)	(31.0, 509289.0)	(32.0, 598854.0)	(33.0, 737260.0)	(34.0, 978962.0)	(35.0, 1291163.0)	(36.0, 2172111.0)	(37.0, 3783525.0)	(38.0, 9947360.0)	(39.0, 73766907.0)	(40.0, 24349782.0)
raw_fastq | fastqc_results | Plasmid_Ko_P1_S61_L002_R1_001	(12.0, 31.0)	(13.0, 867.0)	(14.0, 7972.0)	(15.0, 22302.0)	(16.0, 28910.0)	(17.0, 35086.0)	(18.0, 50549.0)	(19.0, 73152.0)	(20.0, 95063.0)	(21.0, 115886.0)	(22.0, 140830.0)	(23.0, 168070.0)	(24.0, 194847.0)	(25.0, 231311.0)	(26.0, 274250.0)	(27.0, 313786.0)	(28.0, 366935.0)	(29.0, 430629.0)	(30.0, 487138.0)	(31.0, 587408.0)	(32.0, 704073.0)	(33.0, 851616.0)	(34.0, 1150966.0)	(35.0, 1509710.0)	(36.0, 2493058.0)	(37.0, 4227886.0)	(38.0, 10130741.0)	(39.0, 72790974.0)	(40.0, 28325800.0)			
raw_fastq | fastqc_results | Plasmid_Ko_P1_S61_L002_R2_001	(9.0, 3.0)	(10.0, 95.0)	(11.0, 988.0)	(12.0, 5860.0)	(13.0, 43698.0)	(14.0, 155371.0)	(15.0, 200686.0)	(16.0, 163007.0)	(17.0, 130417.0)	(18.0, 122838.0)	(19.0, 131753.0)	(20.0, 144598.0)	(21.0, 158498.0)	(22.0, 176798.0)	(23.0, 198125.0)	(24.0, 220073.0)	(25.0, 247422.0)	(26.0, 278217.0)	(27.0, 307967.0)	(28.0, 346279.0)	(29.0, 388385.0)	(30.0, 436561.0)	(31.0, 512063.0)	(32.0, 595946.0)	(33.0, 731052.0)	(34.0, 958843.0)	(35.0, 1259061.0)	(36.0, 2082329.0)	(37.0, 3593990.0)	(38.0, 9312248.0)	(39.0, 73239460.0)	(40.0, 29667215.0)
raw_fastq | fastqc_results | Plasmid_Ko_P2_S62_L002_R1_001	(12.0, 32.0)	(13.0, 850.0)	(14.0, 7314.0)	(15.0, 19947.0)	(16.0, 25771.0)	(17.0, 32163.0)	(18.0, 47950.0)	(19.0, 69060.0)	(20.0, 89962.0)	(21.0, 110090.0)	(22.0, 133423.0)	(23.0, 160262.0)	(24.0, 186548.0)	(25.0, 223993.0)	(26.0, 266554.0)	(27.0, 306324.0)	(28.0, 362559.0)	(29.0, 424717.0)	(30.0, 484470.0)	(31.0, 592803.0)	(32.0, 713323.0)	(33.0, 870641.0)	(34.0, 1188910.0)	(35.0, 1578508.0)	(36.0, 2655334.0)	(37.0, 4566857.0)	(38.0, 11368792.0)	(39.0, 75597260.0)	(40.0, 22058657.0)			
raw_fastq | fastqc_results | Plasmid_Ko_P2_S62_L002_R2_001	(9.0, 5.0)	(10.0, 137.0)	(11.0, 1367.0)	(12.0, 7135.0)	(13.0, 42609.0)	(14.0, 141276.0)	(15.0, 186236.0)	(16.0, 157388.0)	(17.0, 129387.0)	(18.0, 121836.0)	(19.0, 129278.0)	(20.0, 140878.0)	(21.0, 154542.0)	(22.0, 171965.0)	(23.0, 192595.0)	(24.0, 212154.0)	(25.0, 241200.0)	(26.0, 272905.0)	(27.0, 301541.0)	(28.0, 343219.0)	(29.0, 389081.0)	(30.0, 438849.0)	(31.0, 522293.0)	(32.0, 614289.0)	(33.0, 756717.0)	(34.0, 1007476.0)	(35.0, 1333017.0)	(36.0, 2248328.0)	(37.0, 3947096.0)	(38.0, 10638655.0)	(39.0, 76271456.0)	(40.0, 23028164.0)
raw_fastq | fastqc_results | Plasmid_Ko_P3_S63_L002_R1_001	(12.0, 26.0)	(13.0, 997.0)	(14.0, 8479.0)	(15.0, 23861.0)	(16.0, 30205.0)	(17.0, 35155.0)	(18.0, 49716.0)	(19.0, 69959.0)	(20.0, 90821.0)	(21.0, 110842.0)	(22.0, 133388.0)	(23.0, 158715.0)	(24.0, 183940.0)	(25.0, 216546.0)	(26.0, 254686.0)	(27.0, 288991.0)	(28.0, 334934.0)	(29.0, 391157.0)	(30.0, 441885.0)	(31.0, 527778.0)	(32.0, 631198.0)	(33.0, 759216.0)	(34.0, 1012373.0)	(35.0, 1318722.0)	(36.0, 2158531.0)	(37.0, 3643122.0)	(38.0, 8687536.0)	(39.0, 63664346.0)	(40.0, 26012389.0)			
raw_fastq | fastqc_results | Plasmid_Ko_P3_S63_L002_R2_001	(9.0, 1.0)	(10.0, 80.0)	(11.0, 825.0)	(12.0, 5218.0)	(13.0, 39072.0)	(14.0, 135217.0)	(15.0, 175752.0)	(16.0, 144571.0)	(17.0, 115687.0)	(18.0, 110282.0)	(19.0, 118551.0)	(20.0, 130959.0)	(21.0, 144768.0)	(22.0, 162533.0)	(23.0, 183171.0)	(24.0, 203765.0)	(25.0, 228344.0)	(26.0, 255638.0)	(27.0, 281455.0)	(28.0, 318053.0)	(29.0, 355644.0)	(30.0, 397947.0)	(31.0, 464320.0)	(32.0, 539915.0)	(33.0, 658179.0)	(34.0, 856330.0)	(35.0, 1117439.0)	(36.0, 1831614.0)	(37.0, 3131931.0)	(38.0, 8062885.0)	(39.0, 64158429.0)	(40.0, 26910939.0)
raw_fastq | fastqc_results | Plasmid_Ko_P4_S64_L002_R1_001	(11.0, 1.0)	(12.0, 29.0)	(13.0, 1057.0)	(14.0, 9721.0)	(15.0, 26900.0)	(16.0, 32423.0)	(17.0, 35783.0)	(18.0, 50363.0)	(19.0, 70191.0)	(20.0, 91933.0)	(21.0, 111780.0)	(22.0, 136037.0)	(23.0, 162151.0)	(24.0, 187795.0)	(25.0, 224543.0)	(26.0, 266084.0)	(27.0, 306630.0)	(28.0, 359598.0)	(29.0, 421428.0)	(30.0, 480446.0)	(31.0, 583717.0)	(32.0, 707219.0)	(33.0, 858013.0)	(34.0, 1165575.0)	(35.0, 1535839.0)	(36.0, 2550857.0)	(37.0, 4319823.0)	(38.0, 10343844.0)	(39.0, 70843666.0)	(40.0, 25088300.0)		
raw_fastq | fastqc_results | Plasmid_Ko_P4_S64_L002_R2_001	(9.0, 1.0)	(10.0, 134.0)	(11.0, 1541.0)	(12.0, 7608.0)	(13.0, 36866.0)	(14.0, 117303.0)	(15.0, 162176.0)	(16.0, 144784.0)	(17.0, 122320.0)	(18.0, 117784.0)	(19.0, 127773.0)	(20.0, 140051.0)	(21.0, 153270.0)	(22.0, 170878.0)	(23.0, 190877.0)	(24.0, 211169.0)	(25.0, 238210.0)	(26.0, 269037.0)	(27.0, 297452.0)	(28.0, 336870.0)	(29.0, 380741.0)	(30.0, 430475.0)	(31.0, 510877.0)	(32.0, 597689.0)	(33.0, 739654.0)	(34.0, 975319.0)	(35.0, 1287957.0)	(36.0, 2149385.0)	(37.0, 3714377.0)	(38.0, 9575295.0)	(39.0, 71030669.0)	(40.0, 26733204.0)
raw_fastq | fastqc_results | RNP_Cas1_S65_L002_R1_001	(12.0, 28.0)	(13.0, 1010.0)	(14.0, 9625.0)	(15.0, 27167.0)	(16.0, 34459.0)	(17.0, 41574.0)	(18.0, 60997.0)	(19.0, 88497.0)	(20.0, 115777.0)	(21.0, 142899.0)	(22.0, 172992.0)	(23.0, 206259.0)	(24.0, 239896.0)	(25.0, 286330.0)	(26.0, 340482.0)	(27.0, 391730.0)	(28.0, 459653.0)	(29.0, 540296.0)	(30.0, 612643.0)	(31.0, 744233.0)	(32.0, 893423.0)	(33.0, 1084303.0)	(34.0, 1468713.0)	(35.0, 1930936.0)	(36.0, 3224299.0)	(37.0, 5494742.0)	(38.0, 13439516.0)	(39.0, 94144591.0)	(40.0, 31927416.0)			
raw_fastq | fastqc_results | RNP_Cas1_S65_L002_R2_001	(10.0, 149.0)	(11.0, 1260.0)	(12.0, 7989.0)	(13.0, 58089.0)	(14.0, 206728.0)	(15.0, 263015.0)	(16.0, 208753.0)	(17.0, 166220.0)	(18.0, 155091.0)	(19.0, 165249.0)	(20.0, 180583.0)	(21.0, 196110.0)	(22.0, 218581.0)	(23.0, 243695.0)	(24.0, 269381.0)	(25.0, 304095.0)	(26.0, 340767.0)	(27.0, 377813.0)	(28.0, 425477.0)	(29.0, 477775.0)	(30.0, 534523.0)	(31.0, 631483.0)	(32.0, 735740.0)	(33.0, 898838.0)	(34.0, 1177946.0)	(35.0, 1545336.0)	(36.0, 2562895.0)	(37.0, 4448213.0)	(38.0, 11788099.0)	(39.0, 93894533.0)	(40.0, 35640060.0)	
raw_fastq | fastqc_results | RNP_Cas2_S66_L002_R1_001	(12.0, 28.0)	(13.0, 904.0)	(14.0, 8016.0)	(15.0, 23257.0)	(16.0, 30177.0)	(17.0, 38089.0)	(18.0, 57275.0)	(19.0, 83313.0)	(20.0, 108770.0)	(21.0, 133925.0)	(22.0, 161890.0)	(23.0, 193160.0)	(24.0, 225345.0)	(25.0, 268202.0)	(26.0, 319849.0)	(27.0, 364891.0)	(28.0, 428062.0)	(29.0, 501829.0)	(30.0, 568282.0)	(31.0, 687120.0)	(32.0, 825131.0)	(33.0, 995254.0)	(34.0, 1346631.0)	(35.0, 1771726.0)	(36.0, 2940079.0)	(37.0, 5010688.0)	(38.0, 12268021.0)	(39.0, 86577823.0)	(40.0, 29114080.0)			
raw_fastq | fastqc_results | RNP_Cas2_S66_L002_R2_001	(9.0, 5.0)	(10.0, 138.0)	(11.0, 1328.0)	(12.0, 7267.0)	(13.0, 47004.0)	(14.0, 155399.0)	(15.0, 204240.0)	(16.0, 175586.0)	(17.0, 146551.0)	(18.0, 140396.0)	(19.0, 151720.0)	(20.0, 166432.0)	(21.0, 183294.0)	(22.0, 205330.0)	(23.0, 230533.0)	(24.0, 255442.0)	(25.0, 290296.0)	(26.0, 327092.0)	(27.0, 361872.0)	(28.0, 408739.0)	(29.0, 461943.0)	(30.0, 519049.0)	(31.0, 611030.0)	(32.0, 713839.0)	(33.0, 874944.0)	(34.0, 1148139.0)	(35.0, 1508573.0)	(36.0, 2513306.0)	(37.0, 4339154.0)	(38.0, 11433795.0)	(39.0, 87516771.0)	(40.0, 29952610.0)
raw_fastq | fastqc_results | RNP_Cas3_S67_L002_R1_001	(12.0, 54.0)	(13.0, 1722.0)	(14.0, 15529.0)	(15.0, 43901.0)	(16.0, 53767.0)	(17.0, 58276.0)	(18.0, 79399.0)	(19.0, 111237.0)	(20.0, 144562.0)	(21.0, 175214.0)	(22.0, 210744.0)	(23.0, 250445.0)	(24.0, 289392.0)	(25.0, 341520.0)	(26.0, 404101.0)	(27.0, 459398.0)	(28.0, 534263.0)	(29.0, 622087.0)	(30.0, 704208.0)	(31.0, 844901.0)	(32.0, 1005244.0)	(33.0, 1214453.0)	(34.0, 1638010.0)	(35.0, 2140980.0)	(36.0, 3523899.0)	(37.0, 5940259.0)	(38.0, 14038163.0)	(39.0, 101371458.0)	(40.0, 42474853.0)			
raw_fastq | fastqc_results | RNP_Cas3_S67_L002_R2_001	(9.0, 4.0)	(10.0, 105.0)	(11.0, 1304.0)	(12.0, 7510.0)	(13.0, 49581.0)	(14.0, 170882.0)	(15.0, 234566.0)	(16.0, 204479.0)	(17.0, 169435.0)	(18.0, 163091.0)	(19.0, 177419.0)	(20.0, 198862.0)	(21.0, 218759.0)	(22.0, 246889.0)	(23.0, 278105.0)	(24.0, 309110.0)	(25.0, 349475.0)	(26.0, 393677.0)	(27.0, 436320.0)	(28.0, 491440.0)	(29.0, 554620.0)	(30.0, 623211.0)	(31.0, 732016.0)	(32.0, 856693.0)	(33.0, 1045997.0)	(34.0, 1374348.0)	(35.0, 1800023.0)	(36.0, 2971170.0)	(37.0, 5097819.0)	(38.0, 13096448.0)	(39.0, 103067293.0)	(40.0, 43371388.0)
raw_fastq | fastqc_results | RNP_Cas4_S68_L002_R1_001	(11.0, 1.0)	(12.0, 53.0)	(13.0, 1985.0)	(14.0, 19117.0)	(15.0, 52448.0)	(16.0, 58234.0)	(17.0, 55400.0)	(18.0, 71878.0)	(19.0, 99086.0)	(20.0, 128316.0)	(21.0, 156439.0)	(22.0, 189388.0)	(23.0, 224164.0)	(24.0, 260900.0)	(25.0, 311246.0)	(26.0, 369120.0)	(27.0, 423163.0)	(28.0, 496087.0)	(29.0, 583691.0)	(30.0, 662090.0)	(31.0, 807838.0)	(32.0, 968552.0)	(33.0, 1186210.0)	(34.0, 1617979.0)	(35.0, 2125329.0)	(36.0, 3522125.0)	(37.0, 5944794.0)	(38.0, 14117015.0)	(39.0, 95764422.0)	(40.0, 33656782.0)		
raw_fastq | fastqc_results | RNP_Cas4_S68_L002_R2_001	(9.0, 3.0)	(10.0, 193.0)	(11.0, 1888.0)	(12.0, 11069.0)	(13.0, 70799.0)	(14.0, 237150.0)	(15.0, 305772.0)	(16.0, 243877.0)	(17.0, 190739.0)	(18.0, 174341.0)	(19.0, 183650.0)	(20.0, 200356.0)	(21.0, 217399.0)	(22.0, 242969.0)	(23.0, 270662.0)	(24.0, 299138.0)	(25.0, 338535.0)	(26.0, 382156.0)	(27.0, 421478.0)	(28.0, 476958.0)	(29.0, 539257.0)	(30.0, 608136.0)	(31.0, 721613.0)	(32.0, 845393.0)	(33.0, 1042470.0)	(34.0, 1380210.0)	(35.0, 1812132.0)	(36.0, 3010937.0)	(37.0, 5171708.0)	(38.0, 13307736.0)	(39.0, 97769502.0)	(40.0, 33395626.0)
trimmed_fastp | fastqc_results | Control_MNP_III_S56_L002_R1_filtered	(18.0, 645.0)	(19.0, 7400.0)	(20.0, 29850.0)	(21.0, 56976.0)	(22.0, 89795.0)	(23.0, 124213.0)	(24.0, 158447.0)	(25.0, 199384.0)	(26.0, 244845.0)	(27.0, 285814.0)	(28.0, 343298.0)	(29.0, 410439.0)	(30.0, 470472.0)	(31.0, 578745.0)	(32.0, 703929.0)	(33.0, 860170.0)	(34.0, 1182567.0)	(35.0, 1567299.0)	(36.0, 2629898.0)	(37.0, 4508061.0)	(38.0, 10885265.0)	(39.0, 77473403.0)	(40.0, 28982935.0)									
trimmed_fastp | fastqc_results | Control_MNP_III_S56_L002_R2_filtered	(18.0, 3069.0)	(19.0, 17275.0)	(20.0, 46135.0)	(21.0, 74260.0)	(22.0, 109615.0)	(23.0, 144890.0)	(24.0, 175949.0)	(25.0, 206699.0)	(26.0, 236166.0)	(27.0, 264335.0)	(28.0, 306003.0)	(29.0, 349478.0)	(30.0, 401847.0)	(31.0, 483807.0)	(32.0, 573326.0)	(33.0, 715601.0)	(34.0, 953798.0)	(35.0, 1260228.0)	(36.0, 2119362.0)	(37.0, 3735722.0)	(38.0, 9850427.0)	(39.0, 78082219.0)	(40.0, 31683639.0)									
trimmed_fastp | fastqc_results | Control_MNP_II_S55_L002_R1_filtered	(18.0, 552.0)	(19.0, 6146.0)	(20.0, 24641.0)	(21.0, 47706.0)	(22.0, 76829.0)	(23.0, 108002.0)	(24.0, 139364.0)	(25.0, 177686.0)	(26.0, 218336.0)	(27.0, 257330.0)	(28.0, 309373.0)	(29.0, 369563.0)	(30.0, 427807.0)	(31.0, 524169.0)	(32.0, 637519.0)	(33.0, 781460.0)	(34.0, 1075563.0)	(35.0, 1430181.0)	(36.0, 2391020.0)	(37.0, 4122127.0)	(38.0, 10042944.0)	(39.0, 74204285.0)	(40.0, 28574723.0)									
trimmed_fastp | fastqc_results | Control_MNP_II_S55_L002_R2_filtered	(18.0, 3249.0)	(19.0, 17989.0)	(20.0, 47905.0)	(21.0, 77419.0)	(22.0, 113049.0)	(23.0, 149358.0)	(24.0, 180777.0)	(25.0, 211206.0)	(26.0, 240936.0)	(27.0, 269867.0)	(28.0, 310223.0)	(29.0, 353820.0)	(30.0, 403370.0)	(31.0, 483632.0)	(32.0, 570509.0)	(33.0, 707600.0)	(34.0, 942427.0)	(35.0, 1238549.0)	(36.0, 2071393.0)	(37.0, 3635100.0)	(38.0, 9650661.0)	(39.0, 75795110.0)	(40.0, 28473177.0)									
trimmed_fastp | fastqc_results | Control_MNP_I_S54_L002_R1_filtered	(18.0, 635.0)	(19.0, 6776.0)	(20.0, 26786.0)	(21.0, 50481.0)	(22.0, 80127.0)	(23.0, 112374.0)	(24.0, 144516.0)	(25.0, 181097.0)	(26.0, 222941.0)	(27.0, 260981.0)	(28.0, 309626.0)	(29.0, 369654.0)	(30.0, 424426.0)	(31.0, 518959.0)	(32.0, 626533.0)	(33.0, 761930.0)	(34.0, 1041793.0)	(35.0, 1378542.0)	(36.0, 2290071.0)	(37.0, 3929961.0)	(38.0, 9516591.0)	(39.0, 71997735.0)	(40.0, 29399670.0)									
trimmed_fastp | fastqc_results | Control_MNP_I_S54_L002_R2_filtered	(17.0, 2.0)	(18.0, 3214.0)	(19.0, 17066.0)	(20.0, 45680.0)	(21.0, 72566.0)	(22.0, 106219.0)	(23.0, 141230.0)	(24.0, 172023.0)	(25.0, 201623.0)	(26.0, 229710.0)	(27.0, 255504.0)	(28.0, 292905.0)	(29.0, 334057.0)	(30.0, 378123.0)	(31.0, 455804.0)	(32.0, 535399.0)	(33.0, 661531.0)	(34.0, 876824.0)	(35.0, 1146649.0)	(36.0, 1914897.0)	(37.0, 3357636.0)	(38.0, 8897923.0)	(39.0, 73540604.0)	(40.0, 30015016.0)								
trimmed_fastp | fastqc_results | Only_MNP_C1_S57_L002_R1_filtered	(17.0, 1.0)	(18.0, 485.0)	(19.0, 5252.0)	(20.0, 22208.0)	(21.0, 43602.0)	(22.0, 70461.0)	(23.0, 98523.0)	(24.0, 127891.0)	(25.0, 162451.0)	(26.0, 201176.0)	(27.0, 236685.0)	(28.0, 285745.0)	(29.0, 342578.0)	(30.0, 395756.0)	(31.0, 489176.0)	(32.0, 593358.0)	(33.0, 732823.0)	(34.0, 1011767.0)	(35.0, 1348637.0)	(36.0, 2270464.0)	(37.0, 3916628.0)	(38.0, 9654330.0)	(39.0, 67967210.0)	(40.0, 22813284.0)								
trimmed_fastp | fastqc_results | Only_MNP_C1_S57_L002_R2_filtered	(18.0, 2663.0)	(19.0, 15307.0)	(20.0, 41227.0)	(21.0, 65939.0)	(22.0, 96690.0)	(23.0, 128570.0)	(24.0, 155052.0)	(25.0, 183073.0)	(26.0, 209786.0)	(27.0, 234989.0)	(28.0, 269730.0)	(29.0, 308654.0)	(30.0, 352780.0)	(31.0, 424122.0)	(32.0, 500921.0)	(33.0, 623280.0)	(34.0, 831498.0)	(35.0, 1095311.0)	(36.0, 1844913.0)	(37.0, 3256356.0)	(38.0, 8716705.0)	(39.0, 68301858.0)	(40.0, 25131067.0)									
trimmed_fastp | fastqc_results | Only_MNP_C2_S58_L002_R1_filtered	(18.0, 598.0)	(19.0, 6097.0)	(20.0, 25629.0)	(21.0, 49703.0)	(22.0, 78605.0)	(23.0, 109625.0)	(24.0, 141200.0)	(25.0, 177327.0)	(26.0, 218502.0)	(27.0, 256003.0)	(28.0, 306649.0)	(29.0, 366945.0)	(30.0, 422440.0)	(31.0, 518906.0)	(32.0, 628888.0)	(33.0, 769716.0)	(34.0, 1059176.0)	(35.0, 1403902.0)	(36.0, 2360791.0)	(37.0, 4078144.0)	(38.0, 10099724.0)	(39.0, 72911098.0)	(40.0, 24329573.0)									
trimmed_fastp | fastqc_results | Only_MNP_C2_S58_L002_R2_filtered	(17.0, 2.0)	(18.0, 2802.0)	(19.0, 16183.0)	(20.0, 42783.0)	(21.0, 68448.0)	(22.0, 100334.0)	(23.0, 132304.0)	(24.0, 161275.0)	(25.0, 190111.0)	(26.0, 217630.0)	(27.0, 244069.0)	(28.0, 278965.0)	(29.0, 319814.0)	(30.0, 364915.0)	(31.0, 437391.0)	(32.0, 518004.0)	(33.0, 641944.0)	(34.0, 851554.0)	(35.0, 1118134.0)	(36.0, 1872215.0)	(37.0, 3309546.0)	(38.0, 8903379.0)	(39.0, 73219846.0)	(40.0, 27307593.0)								
trimmed_fastp | fastqc_results | Only_MNP_C3_S59_L002_R1_filtered	(18.0, 549.0)	(19.0, 5830.0)	(20.0, 24204.0)	(21.0, 47334.0)	(22.0, 75766.0)	(23.0, 106841.0)	(24.0, 137932.0)	(25.0, 174243.0)	(26.0, 215336.0)	(27.0, 252963.0)	(28.0, 303971.0)	(29.0, 366341.0)	(30.0, 422173.0)	(31.0, 520788.0)	(32.0, 633440.0)	(33.0, 778330.0)	(34.0, 1070964.0)	(35.0, 1426111.0)	(36.0, 2398448.0)	(37.0, 4124481.0)	(38.0, 10027016.0)	(39.0, 71807404.0)	(40.0, 27249879.0)									
trimmed_fastp | fastqc_results | Only_MNP_C3_S59_L002_R2_filtered	(17.0, 1.0)	(18.0, 2867.0)	(19.0, 16758.0)	(20.0, 44688.0)	(21.0, 71641.0)	(22.0, 104478.0)	(23.0, 137366.0)	(24.0, 167911.0)	(25.0, 196771.0)	(26.0, 226241.0)	(27.0, 253730.0)	(28.0, 292783.0)	(29.0, 334302.0)	(30.0, 382659.0)	(31.0, 460506.0)	(32.0, 546139.0)	(33.0, 679576.0)	(34.0, 908733.0)	(35.0, 1196579.0)	(36.0, 2017090.0)	(37.0, 3550275.0)	(38.0, 9404399.0)	(39.0, 73274868.0)	(40.0, 27899983.0)								
trimmed_fastp | fastqc_results | Only_MNP_C4_S60_L002_R1_filtered	(17.0, 2.0)	(18.0, 524.0)	(19.0, 5995.0)	(20.0, 25409.0)	(21.0, 50255.0)	(22.0, 79814.0)	(23.0, 110620.0)	(24.0, 143016.0)	(25.0, 180741.0)	(26.0, 222213.0)	(27.0, 262381.0)	(28.0, 316593.0)	(29.0, 379776.0)	(30.0, 440631.0)	(31.0, 543436.0)	(32.0, 660877.0)	(33.0, 815595.0)	(34.0, 1126814.0)	(35.0, 1505122.0)	(36.0, 2541166.0)	(37.0, 4375481.0)	(38.0, 10728316.0)	(39.0, 72725881.0)	(40.0, 22904655.0)								
trimmed_fastp | fastqc_results | Only_MNP_C4_S60_L002_R2_filtered	(17.0, 1.0)	(18.0, 2966.0)	(19.0, 17394.0)	(20.0, 46704.0)	(21.0, 73915.0)	(22.0, 106434.0)	(23.0, 138651.0)	(24.0, 166838.0)	(25.0, 196199.0)	(26.0, 226415.0)	(27.0, 253077.0)	(28.0, 292564.0)	(29.0, 335135.0)	(30.0, 384462.0)	(31.0, 463782.0)	(32.0, 553189.0)	(33.0, 688807.0)	(34.0, 926711.0)	(35.0, 1227135.0)	(36.0, 2083444.0)	(37.0, 3687556.0)	(38.0, 9814657.0)	(39.0, 73901816.0)	(40.0, 24557461.0)								
trimmed_fastp | fastqc_results | Plasmid_Ko_P1_S61_L002_R1_filtered	(17.0, 1.0)	(18.0, 663.0)	(19.0, 6844.0)	(20.0, 27030.0)	(21.0, 51664.0)	(22.0, 81664.0)	(23.0, 114104.0)	(24.0, 146042.0)	(25.0, 182932.0)	(26.0, 225590.0)	(27.0, 265026.0)	(28.0, 317468.0)	(29.0, 379837.0)	(30.0, 436934.0)	(31.0, 535109.0)	(32.0, 649134.0)	(33.0, 792591.0)	(34.0, 1089944.0)	(35.0, 1446189.0)	(36.0, 2416604.0)	(37.0, 4137422.0)	(38.0, 9967144.0)	(39.0, 72366914.0)	(40.0, 28376812.0)								
trimmed_fastp | fastqc_results | Plasmid_Ko_P1_S61_L002_R2_filtered	(18.0, 3181.0)	(19.0, 17876.0)	(20.0, 46690.0)	(21.0, 73691.0)	(22.0, 107991.0)	(23.0, 142529.0)	(24.0, 173364.0)	(25.0, 202885.0)	(26.0, 231602.0)	(27.0, 259375.0)	(28.0, 296968.0)	(29.0, 338530.0)	(30.0, 386592.0)	(31.0, 462767.0)	(32.0, 546709.0)	(33.0, 677755.0)	(34.0, 901492.0)	(35.0, 1186914.0)	(36.0, 1984626.0)	(37.0, 3489413.0)	(38.0, 9173574.0)	(39.0, 73409716.0)	(40.0, 29899422.0)									
trimmed_fastp | fastqc_results | Plasmid_Ko_P2_S62_L002_R1_filtered	(18.0, 454.0)	(19.0, 5597.0)	(20.0, 24221.0)	(21.0, 47930.0)	(22.0, 76537.0)	(23.0, 107972.0)	(24.0, 138925.0)	(25.0, 177018.0)	(26.0, 219064.0)	(27.0, 257950.0)	(28.0, 313569.0)	(29.0, 375097.0)	(30.0, 435009.0)	(31.0, 540196.0)	(32.0, 658023.0)	(33.0, 812975.0)	(34.0, 1128108.0)	(35.0, 1513822.0)	(36.0, 2577543.0)	(37.0, 4480012.0)	(38.0, 11227196.0)	(39.0, 75214105.0)	(40.0, 22126379.0)									
trimmed_fastp | fastqc_results | Plasmid_Ko_P2_S62_L002_R2_filtered	(18.0, 3180.0)	(19.0, 18112.0)	(20.0, 48455.0)	(21.0, 77147.0)	(22.0, 109903.0)	(23.0, 142098.0)	(24.0, 170228.0)	(25.0, 200810.0)	(26.0, 231084.0)	(27.0, 258121.0)	(28.0, 298830.0)	(29.0, 343275.0)	(30.0, 392422.0)	(31.0, 476381.0)	(32.0, 568125.0)	(33.0, 707836.0)	(34.0, 956183.0)	(35.0, 1271382.0)	(36.0, 2162547.0)	(37.0, 3854548.0)	(38.0, 10509401.0)	(39.0, 76415023.0)	(40.0, 23242611.0)									
trimmed_fastp | fastqc_results | Plasmid_Ko_P3_S63_L002_R1_filtered	(18.0, 668.0)	(19.0, 6578.0)	(20.0, 25570.0)	(21.0, 48698.0)	(22.0, 75301.0)	(23.0, 104682.0)	(24.0, 134426.0)	(25.0, 167432.0)	(26.0, 204849.0)	(27.0, 239139.0)	(28.0, 283843.0)	(29.0, 339696.0)	(30.0, 390403.0)	(31.0, 474349.0)	(32.0, 575953.0)	(33.0, 701643.0)	(34.0, 953986.0)	(35.0, 1259337.0)	(36.0, 2089703.0)	(37.0, 3570454.0)	(38.0, 8574073.0)	(39.0, 63362768.0)	(40.0, 26064288.0)									
trimmed_fastp | fastqc_results | Plasmid_Ko_P3_S63_L002_R2_filtered	(17.0, 1.0)	(18.0, 2792.0)	(19.0, 15598.0)	(20.0, 41311.0)	(21.0, 66026.0)	(22.0, 96860.0)	(23.0, 127972.0)	(24.0, 155432.0)	(25.0, 180852.0)	(26.0, 206182.0)	(27.0, 230400.0)	(28.0, 265569.0)	(29.0, 302019.0)	(30.0, 344669.0)	(31.0, 412183.0)	(32.0, 487424.0)	(33.0, 604425.0)	(34.0, 799263.0)	(35.0, 1047886.0)	(36.0, 1741358.0)	(37.0, 3041044.0)	(38.0, 7957593.0)	(39.0, 64380553.0)	(40.0, 27140427.0)								
trimmed_fastp | fastqc_results | Plasmid_Ko_P4_S64_L002_R1_filtered	(18.0, 542.0)	(19.0, 6022.0)	(20.0, 25191.0)	(21.0, 49493.0)	(22.0, 78932.0)	(23.0, 109866.0)	(24.0, 140129.0)	(25.0, 178050.0)	(26.0, 218890.0)	(27.0, 258814.0)	(28.0, 310952.0)	(29.0, 372151.0)	(30.0, 430223.0)	(31.0, 530405.0)	(32.0, 649132.0)	(33.0, 798038.0)	(34.0, 1101184.0)	(35.0, 1468297.0)	(36.0, 2469322.0)	(37.0, 4232722.0)	(38.0, 10211827.0)	(39.0, 70558415.0)	(40.0, 25176048.0)									
trimmed_fastp | fastqc_results | Plasmid_Ko_P4_S64_L002_R2_filtered	(18.0, 3022.0)	(19.0, 17315.0)	(20.0, 45621.0)	(21.0, 72646.0)	(22.0, 106143.0)	(23.0, 138779.0)	(24.0, 167289.0)	(25.0, 196866.0)	(26.0, 226638.0)	(27.0, 253616.0)	(28.0, 292120.0)	(29.0, 334900.0)	(30.0, 383477.0)	(31.0, 463324.0)	(32.0, 548225.0)	(33.0, 685645.0)	(34.0, 918904.0)	(35.0, 1220640.0)	(36.0, 2061234.0)	(37.0, 3621457.0)	(38.0, 9449763.0)	(39.0, 71208960.0)	(40.0, 26958061.0)									
trimmed_fastp | fastqc_results | RNP_Cas1_S65_L002_R1_filtered	(17.0, 1.0)	(18.0, 720.0)	(19.0, 7893.0)	(20.0, 32034.0)	(21.0, 63084.0)	(22.0, 100002.0)	(23.0, 140163.0)	(24.0, 179727.0)	(25.0, 226330.0)	(26.0, 280049.0)	(27.0, 330437.0)	(28.0, 397272.0)	(29.0, 477161.0)	(30.0, 548618.0)	(31.0, 677705.0)	(32.0, 822032.0)	(33.0, 1011873.0)	(34.0, 1393353.0)	(35.0, 1851852.0)	(36.0, 3126633.0)	(37.0, 5379246.0)	(38.0, 13230171.0)	(39.0, 93572231.0)	(40.0, 31974768.0)								
trimmed_fastp | fastqc_results | RNP_Cas1_S65_L002_R2_filtered	(17.0, 2.0)	(18.0, 3735.0)	(19.0, 21932.0)	(20.0, 57454.0)	(21.0, 90883.0)	(22.0, 133363.0)	(23.0, 176122.0)	(24.0, 213089.0)	(25.0, 249975.0)	(26.0, 284253.0)	(27.0, 319251.0)	(28.0, 365682.0)	(29.0, 416892.0)	(30.0, 473767.0)	(31.0, 570094.0)	(32.0, 673903.0)	(33.0, 833332.0)	(34.0, 1108135.0)	(35.0, 1458586.0)	(36.0, 2444635.0)	(37.0, 4327986.0)	(38.0, 11630142.0)	(39.0, 94054355.0)	(40.0, 35915787.0)								
trimmed_fastp | fastqc_results | RNP_Cas2_S66_L002_R1_filtered	(17.0, 1.0)	(18.0, 660.0)	(19.0, 7217.0)	(20.0, 29718.0)	(21.0, 58233.0)	(22.0, 91740.0)	(23.0, 128920.0)	(24.0, 166558.0)	(25.0, 210126.0)	(26.0, 260403.0)	(27.0, 305500.0)	(28.0, 366878.0)	(29.0, 439835.0)	(30.0, 506756.0)	(31.0, 623230.0)	(32.0, 757862.0)	(33.0, 926817.0)	(34.0, 1275919.0)	(35.0, 1697603.0)	(36.0, 2850682.0)	(37.0, 4910880.0)	(38.0, 12097638.0)	(39.0, 86123678.0)	(40.0, 29209017.0)								
trimmed_fastp | fastqc_results | RNP_Cas2_S66_L002_R2_filtered	(17.0, 1.0)	(18.0, 3733.0)	(19.0, 20984.0)	(20.0, 55576.0)	(21.0, 88212.0)	(22.0, 127213.0)	(23.0, 166230.0)	(24.0, 201036.0)	(25.0, 237520.0)	(26.0, 271782.0)	(27.0, 304162.0)	(28.0, 349509.0)	(29.0, 401695.0)	(30.0, 458167.0)	(31.0, 550365.0)	(32.0, 651718.0)	(33.0, 809494.0)	(34.0, 1076638.0)	(35.0, 1419233.0)	(36.0, 2385664.0)	(37.0, 4204984.0)	(38.0, 11268912.0)	(39.0, 87758168.0)	(40.0, 30234875.0)								
trimmed_fastp | fastqc_results | RNP_Cas3_S67_L002_R1_filtered	(18.0, 1059.0)	(19.0, 10776.0)	(20.0, 42208.0)	(21.0, 79299.0)	(22.0, 122824.0)	(23.0, 170528.0)	(24.0, 217110.0)	(25.0, 270950.0)	(26.0, 332191.0)	(27.0, 388319.0)	(28.0, 462847.0)	(29.0, 550343.0)	(30.0, 633323.0)	(31.0, 772598.0)	(32.0, 931973.0)	(33.0, 1137721.0)	(34.0, 1556355.0)	(35.0, 2054262.0)	(36.0, 3417442.0)	(37.0, 5822232.0)	(38.0, 13839350.0)	(39.0, 100939446.0)	(40.0, 42608206.0)									
trimmed_fastp | fastqc_results | RNP_Cas3_S67_L002_R2_filtered	(18.0, 4276.0)	(19.0, 23208.0)	(20.0, 62144.0)	(21.0, 100014.0)	(22.0, 148058.0)	(23.0, 195930.0)	(24.0, 239185.0)	(25.0, 280674.0)	(26.0, 321806.0)	(27.0, 361641.0)	(28.0, 415511.0)	(29.0, 477092.0)	(30.0, 545977.0)	(31.0, 655533.0)	(32.0, 779320.0)	(33.0, 965165.0)	(34.0, 1288388.0)	(35.0, 1694067.0)	(36.0, 2829679.0)	(37.0, 4947318.0)	(38.0, 12906215.0)	(39.0, 103382304.0)	(40.0, 43737857.0)									
trimmed_fastp | fastqc_results | RNP_Cas4_S68_L002_R1_filtered	(18.0, 821.0)	(19.0, 8624.0)	(20.0, 35069.0)	(21.0, 68386.0)	(22.0, 108699.0)	(23.0, 150575.0)	(24.0, 193439.0)	(25.0, 244714.0)	(26.0, 301313.0)	(27.0, 354971.0)	(28.0, 426597.0)	(29.0, 512793.0)	(30.0, 591520.0)	(31.0, 733692.0)	(32.0, 891614.0)	(33.0, 1102735.0)	(34.0, 1525639.0)	(35.0, 2030798.0)	(36.0, 3409897.0)	(37.0, 5821674.0)	(38.0, 13916917.0)	(39.0, 95184108.0)	(40.0, 33723078.0)									
trimmed_fastp | fastqc_results | RNP_Cas4_S68_L002_R2_filtered	(17.0, 2.0)	(18.0, 4941.0)	(19.0, 26457.0)	(20.0, 68367.0)	(21.0, 106435.0)	(22.0, 152106.0)	(23.0, 196763.0)	(24.0, 236706.0)	(25.0, 279008.0)	(26.0, 320390.0)	(27.0, 358239.0)	(28.0, 412485.0)	(29.0, 473833.0)	(30.0, 542170.0)	(31.0, 655872.0)	(32.0, 777642.0)	(33.0, 971043.0)	(34.0, 1303101.0)	(35.0, 1716784.0)	(36.0, 2876423.0)	(37.0, 5026647.0)	(38.0, 13122976.0)	(39.0, 97986322.0)	(40.0, 33722961.0)								
trimmed_trimmomatic | fastqc_results | Control_MNP_III_S56_L002_R1_paired	(15.0, 9.0)	(16.0, 150.0)	(17.0, 727.0)	(18.0, 1724.0)	(19.0, 3529.0)	(20.0, 7071.0)	(21.0, 14010.0)	(22.0, 25860.0)	(23.0, 45977.0)	(24.0, 75423.0)	(25.0, 116274.0)	(26.0, 168230.0)	(27.0, 223898.0)	(28.0, 293766.0)	(29.0, 374023.0)	(30.0, 457109.0)	(31.0, 577272.0)	(32.0, 725137.0)	(33.0, 904826.0)	(34.0, 1245644.0)	(35.0, 1669769.0)	(36.0, 2742192.0)	(37.0, 4671024.0)	(38.0, 11048517.0)	(39.0, 77614016.0)	(40.0, 28854488.0)						
trimmed_trimmomatic | fastqc_results | Control_MNP_III_S56_L002_R1_unpaired	(15.0, 39.0)	(16.0, 526.0)	(17.0, 1736.0)	(18.0, 2617.0)	(19.0, 3172.0)	(20.0, 4373.0)	(21.0, 6639.0)	(22.0, 10129.0)	(23.0, 14540.0)	(24.0, 19816.0)	(25.0, 25312.0)	(26.0, 30077.0)	(27.0, 33162.0)	(28.0, 35579.0)	(29.0, 37279.0)	(30.0, 37551.0)	(31.0, 40158.0)	(32.0, 42424.0)	(33.0, 45646.0)	(34.0, 53747.0)	(35.0, 59336.0)	(36.0, 75559.0)	(37.0, 89127.0)	(38.0, 129294.0)	(39.0, 406540.0)	(40.0, 125107.0)						
trimmed_trimmomatic | fastqc_results | Control_MNP_III_S56_L002_R2_paired	(14.0, 9.0)	(15.0, 417.0)	(16.0, 3030.0)	(17.0, 7647.0)	(18.0, 10133.0)	(19.0, 12617.0)	(20.0, 16914.0)	(21.0, 24111.0)	(22.0, 35080.0)	(23.0, 51129.0)	(24.0, 73168.0)	(25.0, 101082.0)	(26.0, 135390.0)	(27.0, 173589.0)	(28.0, 226478.0)	(29.0, 288863.0)	(30.0, 364169.0)	(31.0, 472326.0)	(32.0, 600463.0)	(33.0, 777082.0)	(34.0, 1066224.0)	(35.0, 1431593.0)	(36.0, 2336214.0)	(37.0, 4014761.0)	(38.0, 10090240.0)	(39.0, 78037122.0)	(40.0, 31510814.0)					
trimmed_trimmomatic | fastqc_results | Control_MNP_III_S56_L002_R2_unpaired	(14.0, 2.0)	(15.0, 122.0)	(16.0, 848.0)	(17.0, 2101.0)	(18.0, 2393.0)	(19.0, 2426.0)	(20.0, 2751.0)	(21.0, 3407.0)	(22.0, 4650.0)	(23.0, 6090.0)	(24.0, 7891.0)	(25.0, 9548.0)	(26.0, 10823.0)	(27.0, 11759.0)	(28.0, 12791.0)	(29.0, 13638.0)	(30.0, 14098.0)	(31.0, 15008.0)	(32.0, 15984.0)	(33.0, 16364.0)	(34.0, 18818.0)	(35.0, 20475.0)	(36.0, 24845.0)	(37.0, 28309.0)	(38.0, 33214.0)	(39.0, 60983.0)	(40.0, 14667.0)					
trimmed_trimmomatic | fastqc_results | Control_MNP_II_S55_L002_R1_paired	(15.0, 9.0)	(16.0, 109.0)	(17.0, 582.0)	(18.0, 1394.0)	(19.0, 2719.0)	(20.0, 5898.0)	(21.0, 11661.0)	(22.0, 21550.0)	(23.0, 38659.0)	(24.0, 63924.0)	(25.0, 99428.0)	(26.0, 146273.0)	(27.0, 197808.0)	(28.0, 260975.0)	(29.0, 334438.0)	(30.0, 412446.0)	(31.0, 523152.0)	(32.0, 658702.0)	(33.0, 825621.0)	(34.0, 1140209.0)	(35.0, 1533762.0)	(36.0, 2507447.0)	(37.0, 4283233.0)	(38.0, 10201295.0)	(39.0, 74335337.0)	(40.0, 28445301.0)						
trimmed_trimmomatic | fastqc_results | Control_MNP_II_S55_L002_R1_unpaired	(15.0, 32.0)	(16.0, 401.0)	(17.0, 1387.0)	(18.0, 2169.0)	(19.0, 2604.0)	(20.0, 3905.0)	(21.0, 5996.0)	(22.0, 9041.0)	(23.0, 13336.0)	(24.0, 18626.0)	(25.0, 23941.0)	(26.0, 29368.0)	(27.0, 33012.0)	(28.0, 35655.0)	(29.0, 37606.0)	(30.0, 38715.0)	(31.0, 41263.0)	(32.0, 43455.0)	(33.0, 47063.0)	(34.0, 55031.0)	(35.0, 61066.0)	(36.0, 77608.0)	(37.0, 92394.0)	(38.0, 130055.0)	(39.0, 450448.0)	(40.0, 146804.0)						
trimmed_trimmomatic | fastqc_results | Control_MNP_II_S55_L002_R2_paired	(13.0, 2.0)	(14.0, 10.0)	(15.0, 430.0)	(16.0, 3241.0)	(17.0, 8143.0)	(18.0, 10468.0)	(19.0, 13017.0)	(20.0, 17651.0)	(21.0, 25077.0)	(22.0, 36102.0)	(23.0, 53072.0)	(24.0, 75338.0)	(25.0, 104147.0)	(26.0, 138963.0)	(27.0, 178347.0)	(28.0, 230566.0)	(29.0, 294007.0)	(30.0, 368514.0)	(31.0, 476570.0)	(32.0, 606940.0)	(33.0, 781705.0)	(34.0, 1069762.0)	(35.0, 1430326.0)	(36.0, 2317215.0)	(37.0, 3939794.0)	(38.0, 9896006.0)	(39.0, 75677406.0)	(40.0, 28299113.0)				
trimmed_trimmomatic | fastqc_results | Control_MNP_II_S55_L002_R2_unpaired	(14.0, 1.0)	(15.0, 99.0)	(16.0, 731.0)	(17.0, 1757.0)	(18.0, 1931.0)	(19.0, 1900.0)	(20.0, 2260.0)	(21.0, 3076.0)	(22.0, 3957.0)	(23.0, 5343.0)	(24.0, 6855.0)	(25.0, 8254.0)	(26.0, 9606.0)	(27.0, 10225.0)	(28.0, 11208.0)	(29.0, 11907.0)	(30.0, 12236.0)	(31.0, 13191.0)	(32.0, 13666.0)	(33.0, 14276.0)	(34.0, 16251.0)	(35.0, 17067.0)	(36.0, 20792.0)	(37.0, 23239.0)	(38.0, 27290.0)	(39.0, 52075.0)	(40.0, 12118.0)					
trimmed_trimmomatic | fastqc_results | Control_MNP_I_S54_L002_R1_paired	(15.0, 7.0)	(16.0, 110.0)	(17.0, 658.0)	(18.0, 1521.0)	(19.0, 3194.0)	(20.0, 6258.0)	(21.0, 12448.0)	(22.0, 22900.0)	(23.0, 41280.0)	(24.0, 67905.0)	(25.0, 103941.0)	(26.0, 151413.0)	(27.0, 201884.0)	(28.0, 262421.0)	(29.0, 334327.0)	(30.0, 409865.0)	(31.0, 517915.0)	(32.0, 647569.0)	(33.0, 807164.0)	(34.0, 1106964.0)	(35.0, 1483387.0)	(36.0, 2406797.0)	(37.0, 4089029.0)	(38.0, 9661534.0)	(39.0, 72121745.0)	(40.0, 29291804.0)						
trimmed_trimmomatic | fastqc_results | Control_MNP_I_S54_L002_R1_unpaired	(14.0, 3.0)	(15.0, 28.0)	(16.0, 370.0)	(17.0, 1368.0)	(18.0, 2181.0)	(19.0, 2552.0)	(20.0, 3806.0)	(21.0, 5826.0)	(22.0, 8955.0)	(23.0, 13096.0)	(24.0, 18258.0)	(25.0, 23132.0)	(26.0, 28441.0)	(27.0, 31091.0)	(28.0, 33767.0)	(29.0, 35088.0)	(30.0, 35771.0)	(31.0, 37712.0)	(32.0, 40070.0)	(33.0, 42572.0)	(34.0, 49942.0)	(35.0, 55232.0)	(36.0, 71285.0)	(37.0, 84769.0)	(38.0, 118751.0)	(39.0, 397594.0)	(40.0, 135571.0)					
trimmed_trimmomatic | fastqc_results | Control_MNP_I_S54_L002_R2_paired	(14.0, 15.0)	(15.0, 370.0)	(16.0, 2994.0)	(17.0, 7440.0)	(18.0, 9865.0)	(19.0, 12207.0)	(20.0, 16789.0)	(21.0, 23797.0)	(22.0, 34277.0)	(23.0, 50073.0)	(24.0, 71707.0)	(25.0, 98915.0)	(26.0, 132024.0)	(27.0, 168701.0)	(28.0, 218350.0)	(29.0, 277182.0)	(30.0, 345565.0)	(31.0, 448279.0)	(32.0, 567594.0)	(33.0, 728053.0)	(34.0, 991122.0)	(35.0, 1318397.0)	(36.0, 2133754.0)	(37.0, 3632604.0)	(38.0, 9126892.0)	(39.0, 73474615.0)	(40.0, 29862459.0)					
trimmed_trimmomatic | fastqc_results | Control_MNP_I_S54_L002_R2_unpaired	(14.0, 2.0)	(15.0, 72.0)	(16.0, 633.0)	(17.0, 1680.0)	(18.0, 1911.0)	(19.0, 1974.0)	(20.0, 2414.0)	(21.0, 3076.0)	(22.0, 4169.0)	(23.0, 5464.0)	(24.0, 7117.0)	(25.0, 8596.0)	(26.0, 9871.0)	(27.0, 10639.0)	(28.0, 11353.0)	(29.0, 12011.0)	(30.0, 12453.0)	(31.0, 13279.0)	(32.0, 14068.0)	(33.0, 14681.0)	(34.0, 16668.0)	(35.0, 17643.0)	(36.0, 21983.0)	(37.0, 24729.0)	(38.0, 29184.0)	(39.0, 55637.0)	(40.0, 13633.0)					
trimmed_trimmomatic | fastqc_results | Only_MNP_C1_S57_L002_R1_paired	(15.0, 5.0)	(16.0, 117.0)	(17.0, 474.0)	(18.0, 1172.0)	(19.0, 2394.0)	(20.0, 5069.0)	(21.0, 10356.0)	(22.0, 19628.0)	(23.0, 35177.0)	(24.0, 58606.0)	(25.0, 91162.0)	(26.0, 135325.0)	(27.0, 182345.0)	(28.0, 240748.0)	(29.0, 309996.0)	(30.0, 381558.0)	(31.0, 486082.0)	(32.0, 611628.0)	(33.0, 771838.0)	(34.0, 1068584.0)	(35.0, 1442048.0)	(36.0, 2374644.0)	(37.0, 4063738.0)	(38.0, 9795589.0)	(39.0, 68095534.0)	(40.0, 22682573.0)						
trimmed_trimmomatic | fastqc_results | Only_MNP_C1_S57_L002_R1_unpaired	(15.0, 27.0)	(16.0, 279.0)	(17.0, 1024.0)	(18.0, 1573.0)	(19.0, 2154.0)	(20.0, 3333.0)	(21.0, 5248.0)	(22.0, 8114.0)	(23.0, 12155.0)	(24.0, 17129.0)	(25.0, 21923.0)	(26.0, 27047.0)	(27.0, 29527.0)	(28.0, 32403.0)	(29.0, 34160.0)	(30.0, 34923.0)	(31.0, 36623.0)	(32.0, 38386.0)	(33.0, 41155.0)	(34.0, 47418.0)	(35.0, 51355.0)	(36.0, 64827.0)	(37.0, 73687.0)	(38.0, 99798.0)	(39.0, 320908.0)	(40.0, 89865.0)						
trimmed_trimmomatic | fastqc_results | Only_MNP_C1_S57_L002_R2_paired	(14.0, 11.0)	(15.0, 322.0)	(16.0, 2473.0)	(17.0, 6123.0)	(18.0, 8358.0)	(19.0, 10560.0)	(20.0, 14827.0)	(21.0, 21312.0)	(22.0, 30907.0)	(23.0, 45611.0)	(24.0, 65226.0)	(25.0, 89631.0)	(26.0, 120758.0)	(27.0, 155329.0)	(28.0, 200967.0)	(29.0, 255676.0)	(30.0, 321625.0)	(31.0, 416921.0)	(32.0, 530437.0)	(33.0, 684377.0)	(34.0, 937224.0)	(35.0, 1255505.0)	(36.0, 2054131.0)	(37.0, 3521143.0)	(38.0, 8946855.0)	(39.0, 68215473.0)	(40.0, 24954608.0)					
trimmed_trimmomatic | fastqc_results | Only_MNP_C1_S57_L002_R2_unpaired	(14.0, 1.0)	(15.0, 64.0)	(16.0, 568.0)	(17.0, 1411.0)	(18.0, 1661.0)	(19.0, 1612.0)	(20.0, 2020.0)	(21.0, 2710.0)	(22.0, 3642.0)	(23.0, 4999.0)	(24.0, 6162.0)	(25.0, 7549.0)	(26.0, 8681.0)	(27.0, 9494.0)	(28.0, 10007.0)	(29.0, 10838.0)	(30.0, 11265.0)	(31.0, 12058.0)	(32.0, 12439.0)	(33.0, 12994.0)	(34.0, 15089.0)	(35.0, 16204.0)	(36.0, 19654.0)	(37.0, 21800.0)	(38.0, 25616.0)	(39.0, 47306.0)	(40.0, 10873.0)					
trimmed_trimmomatic | fastqc_results | Only_MNP_C2_S58_L002_R1_paired	(15.0, 7.0)	(16.0, 137.0)	(17.0, 543.0)	(18.0, 1412.0)	(19.0, 2964.0)	(20.0, 6054.0)	(21.0, 11880.0)	(22.0, 22242.0)	(23.0, 39972.0)	(24.0, 66259.0)	(25.0, 102060.0)	(26.0, 149634.0)	(27.0, 199595.0)	(28.0, 262161.0)	(29.0, 334906.0)	(30.0, 409077.0)	(31.0, 518745.0)	(32.0, 649166.0)	(33.0, 812152.0)	(34.0, 1120695.0)	(35.0, 1502172.0)	(36.0, 2466877.0)	(37.0, 4228640.0)	(38.0, 10237997.0)	(39.0, 73024465.0)	(40.0, 24196588.0)						
trimmed_trimmomatic | fastqc_results | Only_MNP_C2_S58_L002_R1_unpaired	(15.0, 41.0)	(16.0, 446.0)	(17.0, 1523.0)	(18.0, 2307.0)	(19.0, 2823.0)	(20.0, 4043.0)	(21.0, 6106.0)	(22.0, 9087.0)	(23.0, 13392.0)	(24.0, 18580.0)	(25.0, 23789.0)	(26.0, 28602.0)	(27.0, 30994.0)	(28.0, 33595.0)	(29.0, 34704.0)	(30.0, 34621.0)	(31.0, 35568.0)	(32.0, 36961.0)	(33.0, 38699.0)	(34.0, 44753.0)	(35.0, 48076.0)	(36.0, 60701.0)	(37.0, 69489.0)	(38.0, 92697.0)	(39.0, 303135.0)	(40.0, 83561.0)						
trimmed_trimmomatic | fastqc_results | Only_MNP_C2_S58_L002_R2_paired	(14.0, 11.0)	(15.0, 287.0)	(16.0, 2477.0)	(17.0, 6208.0)	(18.0, 8700.0)	(19.0, 10798.0)	(20.0, 15357.0)	(21.0, 22113.0)	(22.0, 32493.0)	(23.0, 48064.0)	(24.0, 68808.0)	(25.0, 95042.0)	(26.0, 127104.0)	(27.0, 162452.0)	(28.0, 209093.0)	(29.0, 265392.0)	(30.0, 332937.0)	(31.0, 428820.0)	(32.0, 547992.0)	(33.0, 704928.0)	(34.0, 963008.0)	(35.0, 1285404.0)	(36.0, 2086365.0)	(37.0, 3582572.0)	(38.0, 9139152.0)	(39.0, 73101277.0)	(40.0, 27119546.0)					
trimmed_trimmomatic | fastqc_results | Only_MNP_C2_S58_L002_R2_unpaired	(14.0, 2.0)	(15.0, 105.0)	(16.0, 799.0)	(17.0, 1808.0)	(18.0, 2046.0)	(19.0, 2057.0)	(20.0, 2410.0)	(21.0, 3126.0)	(22.0, 4280.0)	(23.0, 5707.0)	(24.0, 7117.0)	(25.0, 8610.0)	(26.0, 9920.0)	(27.0, 10614.0)	(28.0, 11346.0)	(29.0, 11945.0)	(30.0, 12408.0)	(31.0, 13301.0)	(32.0, 13878.0)	(33.0, 14311.0)	(34.0, 15860.0)	(35.0, 17211.0)	(36.0, 21027.0)	(37.0, 23272.0)	(38.0, 27975.0)	(39.0, 48445.0)	(40.0, 10387.0)					
trimmed_trimmomatic | fastqc_results | Only_MNP_C3_S59_L002_R1_paired	(14.0, 1.0)	(15.0, 9.0)	(16.0, 108.0)	(17.0, 533.0)	(18.0, 1371.0)	(19.0, 2760.0)	(20.0, 5681.0)	(21.0, 11513.0)	(22.0, 20989.0)	(23.0, 38110.0)	(24.0, 63505.0)	(25.0, 98330.0)	(26.0, 144464.0)	(27.0, 194633.0)	(28.0, 256778.0)	(29.0, 330167.0)	(30.0, 406777.0)	(31.0, 517303.0)	(32.0, 652426.0)	(33.0, 821885.0)	(34.0, 1136756.0)	(35.0, 1530217.0)	(36.0, 2514358.0)	(37.0, 4285434.0)	(38.0, 10167666.0)	(39.0, 71920101.0)	(40.0, 27096882.0)					
trimmed_trimmomatic | fastqc_results | Only_MNP_C3_S59_L002_R1_unpaired	(15.0, 18.0)	(16.0, 370.0)	(17.0, 1315.0)	(18.0, 2105.0)	(19.0, 2670.0)	(20.0, 3902.0)	(21.0, 5797.0)	(22.0, 9131.0)	(23.0, 13581.0)	(24.0, 19055.0)	(25.0, 24745.0)	(26.0, 29964.0)	(27.0, 32562.0)	(28.0, 35397.0)	(29.0, 37262.0)	(30.0, 37638.0)	(31.0, 40221.0)	(32.0, 41866.0)	(33.0, 44292.0)	(34.0, 51732.0)	(35.0, 56413.0)	(36.0, 69683.0)	(37.0, 78295.0)	(38.0, 101005.0)	(39.0, 293191.0)	(40.0, 90333.0)						
trimmed_trimmomatic | fastqc_results | Only_MNP_C3_S59_L002_R2_paired	(14.0, 14.0)	(15.0, 340.0)	(16.0, 2401.0)	(17.0, 6338.0)	(18.0, 8943.0)	(19.0, 11308.0)	(20.0, 16056.0)	(21.0, 23256.0)	(22.0, 33808.0)	(23.0, 49373.0)	(24.0, 71104.0)	(25.0, 98042.0)	(26.0, 131399.0)	(27.0, 168911.0)	(28.0, 218696.0)	(29.0, 278123.0)	(30.0, 349730.0)	(31.0, 452031.0)	(32.0, 576447.0)	(33.0, 745582.0)	(34.0, 1024493.0)	(35.0, 1370410.0)	(36.0, 2242829.0)	(37.0, 3842858.0)	(38.0, 9659625.0)	(39.0, 73137707.0)	(40.0, 27698933.0)					
trimmed_trimmomatic | fastqc_results | Only_MNP_C3_S59_L002_R2_unpaired	(14.0, 3.0)	(15.0, 94.0)	(16.0, 715.0)	(17.0, 1750.0)	(18.0, 1982.0)	(19.0, 2004.0)	(20.0, 2282.0)	(21.0, 3117.0)	(22.0, 4000.0)	(23.0, 5304.0)	(24.0, 6849.0)	(25.0, 8350.0)	(26.0, 9708.0)	(27.0, 10224.0)	(28.0, 11098.0)	(29.0, 11583.0)	(30.0, 12111.0)	(31.0, 12883.0)	(32.0, 13667.0)	(33.0, 14295.0)	(34.0, 16088.0)	(35.0, 17186.0)	(36.0, 21075.0)	(37.0, 23391.0)	(38.0, 27102.0)	(39.0, 49231.0)	(40.0, 11133.0)					
trimmed_trimmomatic | fastqc_results | Only_MNP_C4_S60_L002_R1_paired	(15.0, 7.0)	(16.0, 128.0)	(17.0, 567.0)	(18.0, 1367.0)	(19.0, 2834.0)	(20.0, 5856.0)	(21.0, 11686.0)	(22.0, 22363.0)	(23.0, 39687.0)	(24.0, 66321.0)	(25.0, 103142.0)	(26.0, 151451.0)	(27.0, 204485.0)	(28.0, 268650.0)	(29.0, 345483.0)	(30.0, 425580.0)	(31.0, 539682.0)	(32.0, 677466.0)	(33.0, 851885.0)	(34.0, 1179301.0)	(35.0, 1591963.0)	(36.0, 2633893.0)	(37.0, 4514838.0)	(38.0, 10867146.0)	(39.0, 72876079.0)	(40.0, 22781476.0)						
trimmed_trimmomatic | fastqc_results | Only_MNP_C4_S60_L002_R1_unpaired	(15.0, 45.0)	(16.0, 462.0)	(17.0, 1661.0)	(18.0, 2407.0)	(19.0, 3036.0)	(20.0, 4344.0)	(21.0, 6494.0)	(22.0, 9902.0)	(23.0, 14447.0)	(24.0, 20235.0)	(25.0, 26177.0)	(26.0, 31630.0)	(27.0, 34839.0)	(28.0, 37017.0)	(29.0, 38878.0)	(30.0, 39337.0)	(31.0, 41998.0)	(32.0, 43683.0)	(33.0, 46390.0)	(34.0, 54770.0)	(35.0, 59424.0)	(36.0, 74429.0)	(37.0, 84584.0)	(38.0, 113701.0)	(39.0, 334898.0)	(40.0, 87279.0)						
trimmed_trimmomatic | fastqc_results | Only_MNP_C4_S60_L002_R2_paired	(14.0, 12.0)	(15.0, 396.0)	(16.0, 2694.0)	(17.0, 6905.0)	(18.0, 9458.0)	(19.0, 12090.0)	(20.0, 16877.0)	(21.0, 24341.0)	(22.0, 35163.0)	(23.0, 52063.0)	(24.0, 73281.0)	(25.0, 100813.0)	(26.0, 135018.0)	(27.0, 172415.0)	(28.0, 221719.0)	(29.0, 280168.0)	(30.0, 350523.0)	(31.0, 452008.0)	(32.0, 577321.0)	(33.0, 744282.0)	(34.0, 1025235.0)	(35.0, 1379861.0)	(36.0, 2279341.0)	(37.0, 3943512.0)	(38.0, 10039815.0)	(39.0, 73835626.0)	(40.0, 24392399.0)					
trimmed_trimmomatic | fastqc_results | Only_MNP_C4_S60_L002_R2_unpaired	(14.0, 3.0)	(15.0, 130.0)	(16.0, 829.0)	(17.0, 2006.0)	(18.0, 2115.0)	(19.0, 2218.0)	(20.0, 2584.0)	(21.0, 3422.0)	(22.0, 4427.0)	(23.0, 5936.0)	(24.0, 7735.0)	(25.0, 9101.0)	(26.0, 10608.0)	(27.0, 11072.0)	(28.0, 12166.0)	(29.0, 12685.0)	(30.0, 13041.0)	(31.0, 13707.0)	(32.0, 14251.0)	(33.0, 14745.0)	(34.0, 16789.0)	(35.0, 17768.0)	(36.0, 21660.0)	(37.0, 24128.0)	(38.0, 27818.0)	(39.0, 50084.0)	(40.0, 10463.0)					
trimmed_trimmomatic | fastqc_results | Plasmid_Ko_P1_S61_L002_R1_paired	(15.0, 4.0)	(16.0, 138.0)	(17.0, 626.0)	(18.0, 1504.0)	(19.0, 3169.0)	(20.0, 6436.0)	(21.0, 12553.0)	(22.0, 23612.0)	(23.0, 41879.0)	(24.0, 68937.0)	(25.0, 105746.0)	(26.0, 154463.0)	(27.0, 207049.0)	(28.0, 270001.0)	(29.0, 343951.0)	(30.0, 421623.0)	(31.0, 533612.0)	(32.0, 667434.0)	(33.0, 835883.0)	(34.0, 1150376.0)	(35.0, 1544137.0)	(36.0, 2526101.0)	(37.0, 4293231.0)	(38.0, 10123872.0)	(39.0, 72510382.0)	(40.0, 28237808.0)						
trimmed_trimmomatic | fastqc_results | Plasmid_Ko_P1_S61_L002_R1_unpaired	(15.0, 28.0)	(16.0, 408.0)	(17.0, 1478.0)	(18.0, 2351.0)	(19.0, 2847.0)	(20.0, 4115.0)	(21.0, 6334.0)	(22.0, 9615.0)	(23.0, 14113.0)	(24.0, 19571.0)	(25.0, 24844.0)	(26.0, 30095.0)	(27.0, 32882.0)	(28.0, 35368.0)	(29.0, 37730.0)	(30.0, 37857.0)	(31.0, 39886.0)	(32.0, 42519.0)	(33.0, 44544.0)	(34.0, 52157.0)	(35.0, 57743.0)	(36.0, 71662.0)	(37.0, 84023.0)	(38.0, 116582.0)	(39.0, 389021.0)	(40.0, 127141.0)						
trimmed_trimmomatic | fastqc_results | Plasmid_Ko_P1_S61_L002_R2_paired	(14.0, 10.0)	(15.0, 380.0)	(16.0, 2952.0)	(17.0, 7506.0)	(18.0, 9794.0)	(19.0, 12354.0)	(20.0, 16819.0)	(21.0, 23824.0)	(22.0, 34515.0)	(23.0, 50817.0)	(24.0, 72512.0)	(25.0, 100247.0)	(26.0, 133321.0)	(27.0, 171634.0)	(28.0, 220468.0)	(29.0, 281116.0)	(30.0, 352808.0)	(31.0, 455024.0)	(32.0, 577652.0)	(33.0, 742689.0)	(34.0, 1015808.0)	(35.0, 1361344.0)	(36.0, 2208034.0)	(37.0, 3777644.0)	(38.0, 9427403.0)	(39.0, 73311754.0)	(40.0, 29716098.0)					
trimmed_trimmomatic | fastqc_results | Plasmid_Ko_P1_S61_L002_R2_unpaired	(14.0, 1.0)	(15.0, 78.0)	(16.0, 751.0)	(17.0, 1855.0)	(18.0, 2078.0)	(19.0, 2052.0)	(20.0, 2445.0)	(21.0, 3191.0)	(22.0, 4339.0)	(23.0, 5697.0)	(24.0, 7367.0)	(25.0, 8630.0)	(26.0, 10253.0)	(27.0, 10767.0)	(28.0, 11671.0)	(29.0, 12297.0)	(30.0, 12778.0)	(31.0, 13589.0)	(32.0, 14450.0)	(33.0, 15014.0)	(34.0, 16924.0)	(35.0, 18048.0)	(36.0, 22300.0)	(37.0, 25198.0)	(38.0, 29501.0)	(39.0, 53204.0)	(40.0, 12918.0)					
trimmed_trimmomatic | fastqc_results | Plasmid_Ko_P2_S62_L002_R1_paired	(15.0, 8.0)	(16.0, 97.0)	(17.0, 503.0)	(18.0, 1252.0)	(19.0, 2541.0)	(20.0, 5517.0)	(21.0, 11185.0)	(22.0, 20989.0)	(23.0, 38212.0)	(24.0, 63561.0)	(25.0, 99846.0)	(26.0, 146830.0)	(27.0, 199556.0)	(28.0, 264262.0)	(29.0, 339141.0)	(30.0, 418652.0)	(31.0, 534989.0)	(32.0, 673637.0)	(33.0, 849343.0)	(34.0, 1181748.0)	(35.0, 1604142.0)	(36.0, 2672887.0)	(37.0, 4619210.0)	(38.0, 11352171.0)	(39.0, 75347275.0)	(40.0, 22004153.0)						
trimmed_trimmomatic | fastqc_results | Plasmid_Ko_P2_S62_L002_R1_unpaired	(14.0, 1.0)	(15.0, 34.0)	(16.0, 394.0)	(17.0, 1254.0)	(18.0, 2004.0)	(19.0, 2782.0)	(20.0, 4080.0)	(21.0, 6405.0)	(22.0, 9885.0)	(23.0, 14489.0)	(24.0, 20529.0)	(25.0, 26632.0)	(26.0, 32225.0)	(27.0, 36036.0)	(28.0, 38897.0)	(29.0, 40517.0)	(30.0, 40973.0)	(31.0, 43313.0)	(32.0, 45488.0)	(33.0, 49006.0)	(34.0, 56976.0)	(35.0, 62939.0)	(36.0, 79707.0)	(37.0, 91748.0)	(38.0, 118618.0)	(39.0, 357253.0)	(40.0, 88353.0)					
trimmed_trimmomatic | fastqc_results | Plasmid_Ko_P2_S62_L002_R2_paired	(13.0, 1.0)	(14.0, 8.0)	(15.0, 371.0)	(16.0, 2927.0)	(17.0, 7346.0)	(18.0, 10269.0)	(19.0, 12947.0)	(20.0, 17924.0)	(21.0, 25875.0)	(22.0, 36586.0)	(23.0, 54208.0)	(24.0, 76032.0)	(25.0, 104560.0)	(26.0, 138819.0)	(27.0, 176451.0)	(28.0, 226216.0)	(29.0, 287223.0)	(30.0, 357877.0)	(31.0, 462275.0)	(32.0, 590024.0)	(33.0, 761090.0)	(34.0, 1052887.0)	(35.0, 1422078.0)	(36.0, 2357135.0)	(37.0, 4113942.0)	(38.0, 10732469.0)	(39.0, 76353546.0)	(40.0, 23070621.0)				
trimmed_trimmomatic | fastqc_results | Plasmid_Ko_P2_S62_L002_R2_unpaired	(14.0, 7.0)	(15.0, 102.0)	(16.0, 787.0)	(17.0, 1774.0)	(18.0, 2038.0)	(19.0, 2138.0)	(20.0, 2542.0)	(21.0, 3325.0)	(22.0, 4357.0)	(23.0, 5838.0)	(24.0, 7408.0)	(25.0, 8815.0)	(26.0, 10012.0)	(27.0, 10832.0)	(28.0, 11509.0)	(29.0, 12350.0)	(30.0, 12786.0)	(31.0, 13458.0)	(32.0, 13777.0)	(33.0, 14356.0)	(34.0, 16180.0)	(35.0, 17273.0)	(36.0, 21137.0)	(37.0, 23118.0)	(38.0, 26328.0)	(39.0, 46704.0)	(40.0, 9156.0)					
trimmed_trimmomatic | fastqc_results | Plasmid_Ko_P3_S63_L002_R1_paired	(15.0, 8.0)	(16.0, 127.0)	(17.0, 621.0)	(18.0, 1557.0)	(19.0, 3088.0)	(20.0, 6191.0)	(21.0, 12087.0)	(22.0, 22329.0)	(23.0, 39061.0)	(24.0, 64420.0)	(25.0, 97676.0)	(26.0, 140734.0)	(27.0, 186943.0)	(28.0, 242671.0)	(29.0, 309093.0)	(30.0, 379400.0)	(31.0, 477191.0)	(32.0, 598616.0)	(33.0, 747489.0)	(34.0, 1019703.0)	(35.0, 1361041.0)	(36.0, 2201822.0)	(37.0, 3720705.0)	(38.0, 8704890.0)	(39.0, 63435415.0)	(40.0, 25934492.0)						
trimmed_trimmomatic | fastqc_results | Plasmid_Ko_P3_S63_L002_R1_unpaired	(14.0, 1.0)	(15.0, 40.0)	(16.0, 405.0)	(17.0, 1541.0)	(18.0, 2370.0)	(19.0, 2977.0)	(20.0, 4002.0)	(21.0, 6008.0)	(22.0, 8973.0)	(23.0, 12980.0)	(24.0, 17988.0)	(25.0, 22606.0)	(26.0, 26845.0)	(27.0, 29560.0)	(28.0, 31794.0)	(29.0, 33439.0)	(30.0, 33103.0)	(31.0, 35844.0)	(32.0, 37446.0)	(33.0, 39576.0)	(34.0, 45731.0)	(35.0, 49562.0)	(36.0, 62815.0)	(37.0, 72599.0)	(38.0, 98174.0)	(39.0, 331210.0)	(40.0, 114100.0)					
trimmed_trimmomatic | fastqc_results | Plasmid_Ko_P3_S63_L002_R2_paired	(14.0, 13.0)	(15.0, 345.0)	(16.0, 2730.0)	(17.0, 6617.0)	(18.0, 8729.0)	(19.0, 10807.0)	(20.0, 14918.0)	(21.0, 21556.0)	(22.0, 31156.0)	(23.0, 45258.0)	(24.0, 65102.0)	(25.0, 89071.0)	(26.0, 119051.0)	(27.0, 152207.0)	(28.0, 197389.0)	(29.0, 250953.0)	(30.0, 315971.0)	(31.0, 409757.0)	(32.0, 520234.0)	(33.0, 673007.0)	(34.0, 914664.0)	(35.0, 1218867.0)	(36.0, 1959772.0)	(37.0, 3311790.0)	(38.0, 8180190.0)	(39.0, 64230531.0)	(40.0, 26956685.0)					
trimmed_trimmomatic | fastqc_results | Plasmid_Ko_P3_S63_L002_R2_unpaired	(14.0, 3.0)	(15.0, 103.0)	(16.0, 724.0)	(17.0, 1785.0)	(18.0, 1994.0)	(19.0, 1971.0)	(20.0, 2414.0)	(21.0, 2937.0)	(22.0, 3939.0)	(23.0, 5390.0)	(24.0, 6799.0)	(25.0, 8311.0)	(26.0, 9289.0)	(27.0, 10156.0)	(28.0, 10890.0)	(29.0, 11597.0)	(30.0, 11929.0)	(31.0, 12854.0)	(32.0, 13509.0)	(33.0, 13912.0)	(34.0, 15839.0)	(35.0, 16806.0)	(36.0, 20445.0)	(37.0, 22763.0)	(38.0, 26395.0)	(39.0, 46554.0)	(40.0, 11194.0)					
trimmed_trimmomatic | fastqc_results | Plasmid_Ko_P4_S64_L002_R1_paired	(14.0, 1.0)	(15.0, 4.0)	(16.0, 138.0)	(17.0, 586.0)	(18.0, 1473.0)	(19.0, 2902.0)	(20.0, 5974.0)	(21.0, 11877.0)	(22.0, 22056.0)	(23.0, 39567.0)	(24.0, 65714.0)	(25.0, 101358.0)	(26.0, 148534.0)	(27.0, 199407.0)	(28.0, 262369.0)	(29.0, 336231.0)	(30.0, 413963.0)	(31.0, 525876.0)	(32.0, 665860.0)	(33.0, 835438.0)	(34.0, 1155334.0)	(35.0, 1558962.0)	(36.0, 2565394.0)	(37.0, 4371529.0)	(38.0, 10339210.0)	(39.0, 70666962.0)	(40.0, 25046680.0)					
trimmed_trimmomatic | fastqc_results | Plasmid_Ko_P4_S64_L002_R1_unpaired	(15.0, 43.0)	(16.0, 495.0)	(17.0, 1789.0)	(18.0, 2599.0)	(19.0, 3201.0)	(20.0, 4242.0)	(21.0, 6295.0)	(22.0, 9298.0)	(23.0, 14187.0)	(24.0, 19151.0)	(25.0, 24688.0)	(26.0, 29723.0)	(27.0, 33365.0)	(28.0, 36387.0)	(29.0, 38478.0)	(30.0, 39851.0)	(31.0, 42295.0)	(32.0, 46207.0)	(33.0, 50732.0)	(34.0, 60193.0)	(35.0, 66917.0)	(36.0, 84924.0)	(37.0, 94903.0)	(38.0, 114307.0)	(39.0, 281119.0)	(40.0, 78680.0)						
trimmed_trimmomatic | fastqc_results | Plasmid_Ko_P4_S64_L002_R2_paired	(14.0, 8.0)	(15.0, 345.0)	(16.0, 2574.0)	(17.0, 6623.0)	(18.0, 9140.0)	(19.0, 11787.0)	(20.0, 17049.0)	(21.0, 23738.0)	(22.0, 34435.0)	(23.0, 50499.0)	(24.0, 71284.0)	(25.0, 98160.0)	(26.0, 132367.0)	(27.0, 168900.0)	(28.0, 217322.0)	(29.0, 275771.0)	(30.0, 346168.0)	(31.0, 449064.0)	(32.0, 570670.0)	(33.0, 740582.0)	(34.0, 1018325.0)	(35.0, 1377200.0)	(36.0, 2263902.0)	(37.0, 3890022.0)	(38.0, 9683281.0)	(39.0, 71104535.0)	(40.0, 26779648.0)					
trimmed_trimmomatic | fastqc_results | Plasmid_Ko_P4_S64_L002_R2_unpaired	(14.0, 1.0)	(15.0, 97.0)	(16.0, 808.0)	(17.0, 1942.0)	(18.0, 2233.0)	(19.0, 2304.0)	(20.0, 2611.0)	(21.0, 3410.0)	(22.0, 4549.0)	(23.0, 5806.0)	(24.0, 7556.0)	(25.0, 8797.0)	(26.0, 10277.0)	(27.0, 11044.0)	(28.0, 11812.0)	(29.0, 12406.0)	(30.0, 12939.0)	(31.0, 13625.0)	(32.0, 14555.0)	(33.0, 14895.0)	(34.0, 16852.0)	(35.0, 18264.0)	(36.0, 22375.0)	(37.0, 24709.0)	(38.0, 28444.0)	(39.0, 48914.0)	(40.0, 10731.0)					
trimmed_trimmomatic | fastqc_results | RNP_Cas1_S65_L002_R1_paired	(15.0, 6.0)	(16.0, 160.0)	(17.0, 725.0)	(18.0, 1790.0)	(19.0, 3613.0)	(20.0, 7497.0)	(21.0, 15019.0)	(22.0, 28549.0)	(23.0, 50983.0)	(24.0, 83939.0)	(25.0, 130391.0)	(26.0, 190693.0)	(27.0, 257804.0)	(28.0, 338772.0)	(29.0, 434143.0)	(30.0, 532332.0)	(31.0, 675883.0)	(32.0, 849007.0)	(33.0, 1066931.0)	(34.0, 1471920.0)	(35.0, 1979138.0)	(36.0, 3269354.0)	(37.0, 5580824.0)	(38.0, 13426825.0)	(39.0, 93758664.0)	(40.0, 31821575.0)						
trimmed_trimmomatic | fastqc_results | RNP_Cas1_S65_L002_R1_unpaired	(15.0, 34.0)	(16.0, 494.0)	(17.0, 1807.0)	(18.0, 2730.0)	(19.0, 3415.0)	(20.0, 4766.0)	(21.0, 7101.0)	(22.0, 11018.0)	(23.0, 16370.0)	(24.0, 23034.0)	(25.0, 29184.0)	(26.0, 35349.0)	(27.0, 39199.0)	(28.0, 42181.0)	(29.0, 44418.0)	(30.0, 45165.0)	(31.0, 47552.0)	(32.0, 50597.0)	(33.0, 53947.0)	(34.0, 62659.0)	(35.0, 68959.0)	(36.0, 88738.0)	(37.0, 104258.0)	(38.0, 148821.0)	(39.0, 521842.0)	(40.0, 152853.0)						
trimmed_trimmomatic | fastqc_results | RNP_Cas1_S65_L002_R2_paired	(13.0, 1.0)	(14.0, 16.0)	(15.0, 533.0)	(16.0, 3929.0)	(17.0, 9645.0)	(18.0, 12759.0)	(19.0, 15887.0)	(20.0, 21795.0)	(21.0, 30744.0)	(22.0, 44305.0)	(23.0, 64665.0)	(24.0, 91176.0)	(25.0, 124454.0)	(26.0, 166219.0)	(27.0, 212102.0)	(28.0, 273267.0)	(29.0, 347318.0)	(30.0, 433854.0)	(31.0, 561004.0)	(32.0, 713948.0)	(33.0, 917560.0)	(34.0, 1252201.0)	(35.0, 1674247.0)	(36.0, 2720947.0)	(37.0, 4674393.0)	(38.0, 11926951.0)	(39.0, 93983935.0)	(40.0, 35698682.0)				
trimmed_trimmomatic | fastqc_results | RNP_Cas1_S65_L002_R2_unpaired	(14.0, 2.0)	(15.0, 118.0)	(16.0, 881.0)	(17.0, 2076.0)	(18.0, 2449.0)	(19.0, 2537.0)	(20.0, 3055.0)	(21.0, 3935.0)	(22.0, 5345.0)	(23.0, 7180.0)	(24.0, 8963.0)	(25.0, 10800.0)	(26.0, 12439.0)	(27.0, 13460.0)	(28.0, 14386.0)	(29.0, 15146.0)	(30.0, 15615.0)	(31.0, 16715.0)	(32.0, 17801.0)	(33.0, 18358.0)	(34.0, 20747.0)	(35.0, 22041.0)	(36.0, 27668.0)	(37.0, 31046.0)	(38.0, 36514.0)	(39.0, 67183.0)	(40.0, 15521.0)					
trimmed_trimmomatic | fastqc_results | RNP_Cas2_S66_L002_R1_paired	(15.0, 11.0)	(16.0, 123.0)	(17.0, 647.0)	(18.0, 1567.0)	(19.0, 3273.0)	(20.0, 6858.0)	(21.0, 13748.0)	(22.0, 25943.0)	(23.0, 46203.0)	(24.0, 76719.0)	(25.0, 119831.0)	(26.0, 177131.0)	(27.0, 236499.0)	(28.0, 311452.0)	(29.0, 398927.0)	(30.0, 489691.0)	(31.0, 620152.0)	(32.0, 779898.0)	(33.0, 977132.0)	(34.0, 1349251.0)	(35.0, 1814692.0)	(36.0, 2982368.0)	(37.0, 5094955.0)	(38.0, 12276045.0)	(39.0, 86297502.0)	(40.0, 29040078.0)						
trimmed_trimmomatic | fastqc_results | RNP_Cas2_S66_L002_R1_unpaired	(15.0, 33.0)	(16.0, 418.0)	(17.0, 1487.0)	(18.0, 2506.0)	(19.0, 3193.0)	(20.0, 4590.0)	(21.0, 7372.0)	(22.0, 11357.0)	(23.0, 16512.0)	(24.0, 23228.0)	(25.0, 29887.0)	(26.0, 36321.0)	(27.0, 40197.0)	(28.0, 43230.0)	(29.0, 45368.0)	(30.0, 45627.0)	(31.0, 47958.0)	(32.0, 50332.0)	(33.0, 52278.0)	(34.0, 60674.0)	(35.0, 65586.0)	(36.0, 82771.0)	(37.0, 94118.0)	(38.0, 125034.0)	(39.0, 408208.0)	(40.0, 116802.0)						
trimmed_trimmomatic | fastqc_results | RNP_Cas2_S66_L002_R2_paired	(14.0, 17.0)	(15.0, 394.0)	(16.0, 3229.0)	(17.0, 8226.0)	(18.0, 11191.0)	(19.0, 14222.0)	(20.0, 19818.0)	(21.0, 28680.0)	(22.0, 41711.0)	(23.0, 61110.0)	(24.0, 87486.0)	(25.0, 120490.0)	(26.0, 160775.0)	(27.0, 205272.0)	(28.0, 263347.0)	(29.0, 334524.0)	(30.0, 418768.0)	(31.0, 541246.0)	(32.0, 686763.0)	(33.0, 887453.0)	(34.0, 1213514.0)	(35.0, 1627592.0)	(36.0, 2660309.0)	(37.0, 4555980.0)	(38.0, 11569595.0)	(39.0, 87612188.0)	(40.0, 30006796.0)					
trimmed_trimmomatic | fastqc_results | RNP_Cas2_S66_L002_R2_unpaired	(14.0, 3.0)	(15.0, 112.0)	(16.0, 850.0)	(17.0, 1988.0)	(18.0, 2354.0)	(19.0, 2384.0)	(20.0, 2778.0)	(21.0, 3783.0)	(22.0, 5108.0)	(23.0, 6732.0)	(24.0, 8690.0)	(25.0, 10105.0)	(26.0, 11687.0)	(27.0, 12691.0)	(28.0, 13645.0)	(29.0, 14433.0)	(30.0, 14934.0)	(31.0, 15563.0)	(32.0, 16404.0)	(33.0, 17085.0)	(34.0, 19312.0)	(35.0, 20219.0)	(36.0, 24791.0)	(37.0, 27421.0)	(38.0, 31845.0)	(39.0, 58664.0)	(40.0, 13163.0)					
trimmed_trimmomatic | fastqc_results | RNP_Cas3_S67_L002_R1_paired	(15.0, 17.0)	(16.0, 231.0)	(17.0, 1151.0)	(18.0, 2636.0)	(19.0, 5069.0)	(20.0, 10390.0)	(21.0, 19853.0)	(22.0, 36244.0)	(23.0, 63923.0)	(24.0, 104930.0)	(25.0, 158650.0)	(26.0, 230401.0)	(27.0, 306423.0)	(28.0, 398589.0)	(29.0, 504562.0)	(30.0, 616559.0)	(31.0, 776833.0)	(32.0, 968853.0)	(33.0, 1207402.0)	(34.0, 1651504.0)	(35.0, 2205002.0)	(36.0, 3581852.0)	(37.0, 6049908.0)	(38.0, 14042080.0)	(39.0, 101085749.0)	(40.0, 42385968.0)						
trimmed_trimmomatic | fastqc_results | RNP_Cas3_S67_L002_R1_unpaired	(15.0, 66.0)	(16.0, 792.0)	(17.0, 2839.0)	(18.0, 4327.0)	(19.0, 5029.0)	(20.0, 6590.0)	(21.0, 9713.0)	(22.0, 14608.0)	(23.0, 20444.0)	(24.0, 28185.0)	(25.0, 35629.0)	(26.0, 42733.0)	(27.0, 45947.0)	(28.0, 49253.0)	(29.0, 51272.0)	(30.0, 51719.0)	(31.0, 54159.0)	(32.0, 56871.0)	(33.0, 59978.0)	(34.0, 69293.0)	(35.0, 75694.0)	(36.0, 94326.0)	(37.0, 107458.0)	(38.0, 141576.0)	(39.0, 428067.0)	(40.0, 145336.0)						
trimmed_trimmomatic | fastqc_results | RNP_Cas3_S67_L002_R2_paired	(14.0, 14.0)	(15.0, 477.0)	(16.0, 3640.0)	(17.0, 9077.0)	(18.0, 12463.0)	(19.0, 15535.0)	(20.0, 21811.0)	(21.0, 31721.0)	(22.0, 46699.0)	(23.0, 68590.0)	(24.0, 99189.0)	(25.0, 136490.0)	(26.0, 183910.0)	(27.0, 237322.0)	(28.0, 307380.0)	(29.0, 392614.0)	(30.0, 496124.0)	(31.0, 643606.0)	(32.0, 824478.0)	(33.0, 1064221.0)	(34.0, 1456787.0)	(35.0, 1950869.0)	(36.0, 3159170.0)	(37.0, 5366952.0)	(38.0, 13265307.0)	(39.0, 103174072.0)	(40.0, 43446261.0)					
trimmed_trimmomatic | fastqc_results | RNP_Cas3_S67_L002_R2_unpaired	(14.0, 3.0)	(15.0, 184.0)	(16.0, 1352.0)	(17.0, 3303.0)	(18.0, 3475.0)	(19.0, 3369.0)	(20.0, 3931.0)	(21.0, 4820.0)	(22.0, 6574.0)	(23.0, 8559.0)	(24.0, 11071.0)	(25.0, 13285.0)	(26.0, 15568.0)	(27.0, 16670.0)	(28.0, 17786.0)	(29.0, 18890.0)	(30.0, 19721.0)	(31.0, 20836.0)	(32.0, 22087.0)	(33.0, 22989.0)	(34.0, 25996.0)	(35.0, 27519.0)	(36.0, 33818.0)	(37.0, 37103.0)	(38.0, 42662.0)	(39.0, 74102.0)	(40.0, 16732.0)					
trimmed_trimmomatic | fastqc_results | RNP_Cas4_S68_L002_R1_paired	(15.0, 9.0)	(16.0, 208.0)	(17.0, 1010.0)	(18.0, 2210.0)	(19.0, 4236.0)	(20.0, 8488.0)	(21.0, 16540.0)	(22.0, 30767.0)	(23.0, 54765.0)	(24.0, 90278.0)	(25.0, 139666.0)	(26.0, 204699.0)	(27.0, 275023.0)	(28.0, 361145.0)	(29.0, 464313.0)	(30.0, 570487.0)	(31.0, 725971.0)	(32.0, 914843.0)	(33.0, 1154630.0)	(34.0, 1600101.0)	(35.0, 2155379.0)	(36.0, 3543219.0)	(37.0, 6011312.0)	(38.0, 14082277.0)	(39.0, 95367317.0)	(40.0, 33546503.0)						
trimmed_trimmomatic | fastqc_results | RNP_Cas4_S68_L002_R1_unpaired	(14.0, 1.0)	(15.0, 73.0)	(16.0, 1037.0)	(17.0, 3451.0)	(18.0, 5016.0)	(19.0, 5435.0)	(20.0, 6576.0)	(21.0, 9552.0)	(22.0, 14083.0)	(23.0, 21037.0)	(24.0, 28488.0)	(25.0, 36939.0)	(26.0, 44355.0)	(27.0, 49695.0)	(28.0, 53457.0)	(29.0, 56734.0)	(30.0, 58367.0)	(31.0, 63068.0)	(32.0, 67669.0)	(33.0, 72821.0)	(34.0, 86714.0)	(35.0, 95183.0)	(36.0, 119550.0)	(37.0, 133754.0)	(38.0, 171172.0)	(39.0, 532684.0)	(40.0, 159025.0)					
trimmed_trimmomatic | fastqc_results | RNP_Cas4_S68_L002_R2_paired	(13.0, 1.0)	(14.0, 9.0)	(15.0, 547.0)	(16.0, 4427.0)	(17.0, 10800.0)	(18.0, 14562.0)	(19.0, 18152.0)	(20.0, 24705.0)	(21.0, 35475.0)	(22.0, 50545.0)	(23.0, 73532.0)	(24.0, 103344.0)	(25.0, 141272.0)	(26.0, 189523.0)	(27.0, 240727.0)	(28.0, 309337.0)	(29.0, 391791.0)	(30.0, 492351.0)	(31.0, 635201.0)	(32.0, 807782.0)	(33.0, 1045718.0)	(34.0, 1442818.0)	(35.0, 1940624.0)	(36.0, 3169162.0)	(37.0, 5406352.0)	(38.0, 13449294.0)	(39.0, 97872391.0)	(40.0, 33454954.0)				
trimmed_trimmomatic | fastqc_results | RNP_Cas4_S68_L002_R2_unpaired	(14.0, 8.0)	(15.0, 196.0)	(16.0, 1606.0)	(17.0, 3553.0)	(18.0, 3631.0)	(19.0, 3462.0)	(20.0, 3971.0)	(21.0, 5040.0)	(22.0, 6527.0)	(23.0, 8271.0)	(24.0, 10429.0)	(25.0, 12418.0)	(26.0, 14597.0)	(27.0, 15307.0)	(28.0, 16269.0)	(29.0, 17384.0)	(30.0, 17796.0)	(31.0, 18686.0)	(32.0, 19896.0)	(33.0, 20639.0)	(34.0, 23644.0)	(35.0, 24832.0)	(36.0, 30042.0)	(37.0, 33446.0)	(38.0, 38089.0)	(39.0, 66263.0)	(40.0, 13548.0)					
