Sample	0	1	2	3	4	5	6	7	8	9	10	11	12	13	14	15	16	17	18	19	20
raw_fastq | fastqc_results | Control_MNP_III_S56_L002_R1_001	(151, 133682401.0)																				
raw_fastq | fastqc_results | Control_MNP_III_S56_L002_R2_001	(151, 133682401.0)																				
raw_fastq | fastqc_results | Control_MNP_II_S55_L002_R1_001	(151, 127871690.0)																				
raw_fastq | fastqc_results | Control_MNP_II_S55_L002_R2_001	(151, 127871690.0)																				
raw_fastq | fastqc_results | Control_MNP_I_S54_L002_R1_001	(151, 125461219.0)																				
raw_fastq | fastqc_results | Control_MNP_I_S54_L002_R2_001	(151, 125461219.0)																				
raw_fastq | fastqc_results | Only_MNP_C1_S57_L002_R1_001	(151, 114337671.0)																				
raw_fastq | fastqc_results | Only_MNP_C1_S57_L002_R2_001	(151, 114337671.0)																				
raw_fastq | fastqc_results | Only_MNP_C2_S58_L002_R1_001	(151, 121844402.0)																				
raw_fastq | fastqc_results | Only_MNP_C2_S58_L002_R2_001	(151, 121844402.0)																				
raw_fastq | fastqc_results | Only_MNP_C3_S59_L002_R1_001	(151, 123755341.0)																				
raw_fastq | fastqc_results | Only_MNP_C3_S59_L002_R2_001	(151, 123755341.0)																				
raw_fastq | fastqc_results | Only_MNP_C4_S60_L002_R1_001	(151, 121819441.0)																				
raw_fastq | fastqc_results | Only_MNP_C4_S60_L002_R2_001	(151, 121819441.0)																				
raw_fastq | fastqc_results | Plasmid_Ko_P1_S61_L002_R1_001	(151, 125809846.0)																				
raw_fastq | fastqc_results | Plasmid_Ko_P1_S61_L002_R2_001	(151, 125809846.0)																				
raw_fastq | fastqc_results | Plasmid_Ko_P2_S62_L002_R1_001	(151, 124143074.0)																				
raw_fastq | fastqc_results | Plasmid_Ko_P2_S62_L002_R2_001	(151, 124143074.0)																				
raw_fastq | fastqc_results | Plasmid_Ko_P3_S63_L002_R1_001	(151, 111239514.0)																				
raw_fastq | fastqc_results | Plasmid_Ko_P3_S63_L002_R2_001	(151, 111239514.0)																				
raw_fastq | fastqc_results | Plasmid_Ko_P4_S64_L002_R1_001	(151, 120971746.0)																				
raw_fastq | fastqc_results | Plasmid_Ko_P4_S64_L002_R2_001	(151, 120971746.0)																				
raw_fastq | fastqc_results | RNP_Cas1_S65_L002_R1_001	(151, 158124486.0)																				
raw_fastq | fastqc_results | RNP_Cas1_S65_L002_R2_001	(151, 158124486.0)																				
raw_fastq | fastqc_results | RNP_Cas2_S66_L002_R1_001	(151, 145051817.0)																				
raw_fastq | fastqc_results | RNP_Cas2_S66_L002_R2_001	(151, 145051817.0)																				
raw_fastq | fastqc_results | RNP_Cas3_S67_L002_R1_001	(151, 178692039.0)																				
raw_fastq | fastqc_results | RNP_Cas3_S67_L002_R2_001	(151, 178692039.0)																				
raw_fastq | fastqc_results | RNP_Cas4_S68_L002_R1_001	(151, 163873852.0)																				
raw_fastq | fastqc_results | RNP_Cas4_S68_L002_R2_001	(151, 163873852.0)																				
trimmed_fastp | fastqc_results | Control_MNP_III_S56_L002_R1_filtered	(50, 32181.0)	(55, 33952.0)	(60, 35285.0)	(65, 37048.0)	(70, 39405.0)	(75, 40612.0)	(80, 41837.0)	(85, 64221.0)	(90, 72565.0)	(95, 75465.0)	(100, 79298.0)	(105, 81361.0)	(110, 82032.0)	(115, 83797.0)	(120, 85173.0)	(125, 89327.0)	(130, 94574.0)	(135, 102847.0)	(140, 111625.0)	(145, 99716.0)	(150, 130411529.0)
trimmed_fastp | fastqc_results | Control_MNP_III_S56_L002_R2_filtered	(50, 32844.0)	(55, 34603.0)	(60, 35976.0)	(65, 37822.0)	(70, 40127.0)	(75, 41277.0)	(80, 42340.0)	(85, 64395.0)	(90, 72622.0)	(95, 76388.0)	(100, 81149.0)	(105, 82729.0)	(110, 82619.0)	(115, 84335.0)	(120, 85762.0)	(125, 89766.0)	(130, 95511.0)	(135, 104188.0)	(140, 113223.0)	(145, 99716.0)	(150, 130396458.0)
trimmed_fastp | fastqc_results | Control_MNP_II_S55_L002_R1_filtered	(50, 34721.0)	(55, 36442.0)	(60, 37821.0)	(65, 39972.0)	(70, 41617.0)	(75, 42977.0)	(80, 43729.0)	(85, 65844.0)	(90, 73394.0)	(95, 76389.0)	(100, 80514.0)	(105, 81299.0)	(110, 81085.0)	(115, 81405.0)	(120, 82058.0)	(125, 82919.0)	(130, 85102.0)	(135, 89629.0)	(140, 92334.0)	(145, 74676.0)	(150, 124623399.0)
trimmed_fastp | fastqc_results | Control_MNP_II_S55_L002_R2_filtered	(50, 35722.0)	(55, 37550.0)	(60, 39011.0)	(65, 41044.0)	(70, 42747.0)	(75, 44054.0)	(80, 44622.0)	(85, 66454.0)	(90, 73933.0)	(95, 77657.0)	(100, 82852.0)	(105, 83051.0)	(110, 81905.0)	(115, 82257.0)	(120, 83100.0)	(125, 83896.0)	(130, 86433.0)	(135, 91489.0)	(140, 93960.0)	(145, 74676.0)	(150, 124600913.0)
trimmed_fastp | fastqc_results | Control_MNP_I_S54_L002_R1_filtered	(50, 31544.0)	(55, 33689.0)	(60, 34610.0)	(65, 36431.0)	(70, 38534.0)	(75, 39449.0)	(80, 39790.0)	(85, 59101.0)	(90, 66028.0)	(95, 69303.0)	(100, 71857.0)	(105, 73051.0)	(110, 73672.0)	(115, 73668.0)	(120, 75192.0)	(125, 76262.0)	(130, 78799.0)	(135, 82632.0)	(140, 86367.0)	(145, 69669.0)	(150, 122442557.0)
trimmed_fastp | fastqc_results | Control_MNP_I_S54_L002_R2_filtered	(50, 32240.0)	(55, 34492.0)	(60, 35402.0)	(65, 37246.0)	(70, 39375.0)	(75, 40121.0)	(80, 40300.0)	(85, 59363.0)	(90, 66273.0)	(95, 70143.0)	(100, 73661.0)	(105, 74416.0)	(110, 74285.0)	(115, 74269.0)	(120, 75798.0)	(125, 76819.0)	(130, 79674.0)	(135, 84074.0)	(140, 87635.0)	(145, 69669.0)	(150, 122426950.0)
trimmed_fastp | fastqc_results | Only_MNP_C1_S57_L002_R1_filtered	(50, 30988.0)	(55, 32967.0)	(60, 33601.0)	(65, 35503.0)	(70, 37501.0)	(75, 38954.0)	(80, 39188.0)	(85, 61231.0)	(90, 68994.0)	(95, 72389.0)	(100, 75931.0)	(105, 77294.0)	(110, 77311.0)	(115, 78547.0)	(120, 78773.0)	(125, 81142.0)	(130, 83678.0)	(135, 86769.0)	(140, 89758.0)	(145, 73160.0)	(150, 111536812.0)
trimmed_fastp | fastqc_results | Only_MNP_C1_S57_L002_R2_filtered	(50, 31543.0)	(55, 33572.0)	(60, 34214.0)	(65, 36104.0)	(70, 38096.0)	(75, 39450.0)	(80, 39419.0)	(85, 61385.0)	(90, 68962.0)	(95, 73034.0)	(100, 77789.0)	(105, 78320.0)	(110, 77732.0)	(115, 79136.0)	(120, 79394.0)	(125, 81665.0)	(130, 84387.0)	(135, 88176.0)	(140, 90934.0)	(145, 73160.0)	(150, 111524019.0)
trimmed_fastp | fastqc_results | Only_MNP_C2_S58_L002_R1_filtered	(50, 32494.0)	(55, 34457.0)	(60, 35129.0)	(65, 37183.0)	(70, 39712.0)	(75, 40484.0)	(80, 41284.0)	(85, 63750.0)	(90, 72117.0)	(95, 74779.0)	(100, 79254.0)	(105, 80468.0)	(110, 80733.0)	(115, 80871.0)	(120, 80992.0)	(125, 82689.0)	(130, 85296.0)	(135, 88642.0)	(140, 91789.0)	(145, 75005.0)	(150, 119022113.0)
trimmed_fastp | fastqc_results | Only_MNP_C2_S58_L002_R2_filtered	(50, 33156.0)	(55, 35232.0)	(60, 35947.0)	(65, 37989.0)	(70, 40360.0)	(75, 41216.0)	(80, 41730.0)	(85, 64049.0)	(90, 72186.0)	(95, 75739.0)	(100, 81184.0)	(105, 81614.0)	(110, 81282.0)	(115, 81568.0)	(120, 81752.0)	(125, 83360.0)	(130, 86279.0)	(135, 90055.0)	(140, 93079.0)	(145, 75005.0)	(150, 119006459.0)
trimmed_fastp | fastqc_results | Only_MNP_C3_S59_L002_R1_filtered	(50, 34910.0)	(55, 36447.0)	(60, 37894.0)	(65, 39363.0)	(70, 41698.0)	(75, 42888.0)	(80, 43389.0)	(85, 68799.0)	(90, 77204.0)	(95, 80785.0)	(100, 85258.0)	(105, 86803.0)	(110, 87225.0)	(115, 88123.0)	(120, 88215.0)	(125, 90402.0)	(130, 92851.0)	(135, 97284.0)	(140, 99567.0)	(145, 82831.0)	(150, 120768408.0)
trimmed_fastp | fastqc_results | Only_MNP_C3_S59_L002_R2_filtered	(50, 35481.0)	(55, 37053.0)	(60, 38425.0)	(65, 39926.0)	(70, 42288.0)	(75, 43428.0)	(80, 43640.0)	(85, 68795.0)	(90, 77205.0)	(95, 81243.0)	(100, 86795.0)	(105, 87943.0)	(110, 87678.0)	(115, 88624.0)	(120, 88571.0)	(125, 90918.0)	(130, 93501.0)	(135, 98505.0)	(140, 100482.0)	(145, 82831.0)	(150, 120757012.0)
trimmed_fastp | fastqc_results | Only_MNP_C4_S60_L002_R1_filtered	(50, 29280.0)	(55, 30524.0)	(60, 31614.0)	(65, 33583.0)	(70, 35398.0)	(75, 36697.0)	(80, 37307.0)	(85, 60641.0)	(90, 68414.0)	(95, 72734.0)	(100, 76124.0)	(105, 77862.0)	(110, 78210.0)	(115, 78580.0)	(120, 79948.0)	(125, 81565.0)	(130, 84885.0)	(135, 89507.0)	(140, 94106.0)	(145, 79224.0)	(150, 118889110.0)
trimmed_fastp | fastqc_results | Only_MNP_C4_S60_L002_R2_filtered	(50, 29968.0)	(55, 31243.0)	(60, 32263.0)	(65, 34324.0)	(70, 36144.0)	(75, 37211.0)	(80, 37566.0)	(85, 60802.0)	(90, 68634.0)	(95, 73741.0)	(100, 77967.0)	(105, 78909.0)	(110, 78813.0)	(115, 79253.0)	(120, 80601.0)	(125, 82186.0)	(130, 85864.0)	(135, 91189.0)	(140, 95467.0)	(145, 79224.0)	(150, 118873944.0)
trimmed_fastp | fastqc_results | Plasmid_Ko_P1_S61_L002_R1_filtered	(50, 32190.0)	(55, 33585.0)	(60, 35201.0)	(65, 36474.0)	(70, 38382.0)	(75, 39580.0)	(80, 40321.0)	(85, 65875.0)	(90, 74486.0)	(95, 78207.0)	(100, 81396.0)	(105, 83078.0)	(110, 83425.0)	(115, 83582.0)	(120, 84755.0)	(125, 86110.0)	(130, 88023.0)	(135, 91506.0)	(140, 94465.0)	(145, 77243.0)	(150, 122685778.0)
trimmed_fastp | fastqc_results | Plasmid_Ko_P1_S61_L002_R2_filtered	(50, 32921.0)	(55, 34371.0)	(60, 35870.0)	(65, 37293.0)	(70, 39091.0)	(75, 40279.0)	(80, 40691.0)	(85, 66116.0)	(90, 74669.0)	(95, 79025.0)	(100, 83368.0)	(105, 84434.0)	(110, 84085.0)	(115, 84187.0)	(120, 85401.0)	(125, 86713.0)	(130, 89089.0)	(135, 93169.0)	(140, 95878.0)	(145, 77243.0)	(150, 122669769.0)
trimmed_fastp | fastqc_results | Plasmid_Ko_P2_S62_L002_R1_filtered	(50, 31561.0)	(55, 33028.0)	(60, 34473.0)	(65, 35328.0)	(70, 38316.0)	(75, 39419.0)	(80, 39851.0)	(85, 62715.0)	(90, 69818.0)	(95, 72992.0)	(100, 76827.0)	(105, 78536.0)	(110, 79547.0)	(115, 80035.0)	(120, 80345.0)	(125, 82247.0)	(130, 85979.0)	(135, 89974.0)	(140, 92581.0)	(145, 75857.0)	(150, 121178273.0)
trimmed_fastp | fastqc_results | Plasmid_Ko_P2_S62_L002_R2_filtered	(50, 32322.0)	(55, 33848.0)	(60, 35326.0)	(65, 36094.0)	(70, 39154.0)	(75, 40142.0)	(80, 40353.0)	(85, 62950.0)	(90, 70113.0)	(95, 73860.0)	(100, 78758.0)	(105, 79773.0)	(110, 80157.0)	(115, 80651.0)	(120, 81027.0)	(125, 83035.0)	(130, 86998.0)	(135, 91727.0)	(140, 93874.0)	(145, 75857.0)	(150, 121161683.0)
trimmed_fastp | fastqc_results | Plasmid_Ko_P3_S63_L002_R1_filtered	(50, 34581.0)	(55, 36435.0)	(60, 38063.0)	(65, 39590.0)	(70, 41997.0)	(75, 42840.0)	(80, 43211.0)	(85, 64297.0)	(90, 71320.0)	(95, 75100.0)	(100, 78042.0)	(105, 79194.0)	(110, 79400.0)	(115, 80120.0)	(120, 79862.0)	(125, 80890.0)	(130, 83309.0)	(135, 86760.0)	(140, 87959.0)	(145, 71859.0)	(150, 108353010.0)
trimmed_fastp | fastqc_results | Plasmid_Ko_P3_S63_L002_R2_filtered	(50, 35175.0)	(55, 37008.0)	(60, 38687.0)	(65, 40120.0)	(70, 42671.0)	(75, 43424.0)	(80, 43719.0)	(85, 64379.0)	(90, 71414.0)	(95, 75852.0)	(100, 79799.0)	(105, 80293.0)	(110, 79899.0)	(115, 80564.0)	(120, 80475.0)	(125, 81552.0)	(130, 84163.0)	(135, 88365.0)	(140, 89036.0)	(145, 71859.0)	(150, 108339385.0)
trimmed_fastp | fastqc_results | Plasmid_Ko_P4_S64_L002_R1_filtered	(50, 30488.0)	(55, 31722.0)	(60, 32818.0)	(65, 33903.0)	(70, 36075.0)	(75, 36702.0)	(80, 37310.0)	(85, 61514.0)	(90, 69875.0)	(95, 73437.0)	(100, 76944.0)	(105, 79105.0)	(110, 80317.0)	(115, 80555.0)	(120, 80975.0)	(125, 82636.0)	(130, 85871.0)	(135, 89132.0)	(140, 91969.0)	(145, 75501.0)	(150, 118107796.0)
trimmed_fastp | fastqc_results | Plasmid_Ko_P4_S64_L002_R2_filtered	(50, 30919.0)	(55, 32210.0)	(60, 33285.0)	(65, 34310.0)	(70, 36475.0)	(75, 37056.0)	(80, 37423.0)	(85, 61390.0)	(90, 69766.0)	(95, 74045.0)	(100, 78391.0)	(105, 80185.0)	(110, 80617.0)	(115, 80963.0)	(120, 81400.0)	(125, 82853.0)	(130, 86424.0)	(135, 90302.0)	(140, 92880.0)	(145, 75501.0)	(150, 118098250.0)
trimmed_fastp | fastqc_results | RNP_Cas1_S65_L002_R1_filtered	(50, 40563.0)	(55, 42562.0)	(60, 43864.0)	(65, 46080.0)	(70, 48577.0)	(75, 50363.0)	(80, 50551.0)	(85, 78287.0)	(90, 87818.0)	(95, 91124.0)	(100, 95686.0)	(105, 97692.0)	(110, 97666.0)	(115, 98538.0)	(120, 99703.0)	(125, 101043.0)	(130, 104040.0)	(135, 109738.0)	(140, 112852.0)	(145, 90501.0)	(150, 154236107.0)
trimmed_fastp | fastqc_results | RNP_Cas1_S65_L002_R2_filtered	(50, 41280.0)	(55, 43237.0)	(60, 44506.0)	(65, 46744.0)	(70, 49264.0)	(75, 50929.0)	(80, 50690.0)	(85, 78055.0)	(90, 87644.0)	(95, 92249.0)	(100, 97967.0)	(105, 99095.0)	(110, 98102.0)	(115, 99319.0)	(120, 100340.0)	(125, 101757.0)	(130, 105009.0)	(135, 111515.0)	(140, 114374.0)	(145, 90501.0)	(150, 154220778.0)
trimmed_fastp | fastqc_results | RNP_Cas2_S66_L002_R1_filtered	(50, 40297.0)	(55, 42162.0)	(60, 43591.0)	(65, 45442.0)	(70, 48434.0)	(75, 50608.0)	(80, 50730.0)	(85, 80831.0)	(90, 91118.0)	(95, 95101.0)	(100, 99959.0)	(105, 102463.0)	(110, 103046.0)	(115, 103441.0)	(120, 104466.0)	(125, 106534.0)	(130, 110611.0)	(135, 115263.0)	(140, 119220.0)	(145, 100351.0)	(150, 141392203.0)
trimmed_fastp | fastqc_results | RNP_Cas2_S66_L002_R2_filtered	(50, 41208.0)	(55, 43168.0)	(60, 44574.0)	(65, 46395.0)	(70, 49438.0)	(75, 51604.0)	(80, 51342.0)	(85, 81208.0)	(90, 91394.0)	(95, 96218.0)	(100, 102250.0)	(105, 104177.0)	(110, 103810.0)	(115, 104393.0)	(120, 105367.0)	(125, 107420.0)	(130, 111949.0)	(135, 117593.0)	(140, 120769.0)	(145, 100351.0)	(150, 141371243.0)
trimmed_fastp | fastqc_results | RNP_Cas3_S67_L002_R1_filtered	(50, 48767.0)	(55, 51231.0)	(60, 53130.0)	(65, 55881.0)	(70, 59206.0)	(75, 61245.0)	(80, 62117.0)	(85, 100658.0)	(90, 113164.0)	(95, 118340.0)	(100, 123988.0)	(105, 126043.0)	(110, 125459.0)	(115, 126241.0)	(120, 126842.0)	(125, 129177.0)	(130, 132941.0)	(135, 139403.0)	(140, 142932.0)	(145, 120980.0)	(150, 174343617.0)
trimmed_fastp | fastqc_results | RNP_Cas3_S67_L002_R2_filtered	(50, 49697.0)	(55, 52215.0)	(60, 54135.0)	(65, 56792.0)	(70, 60251.0)	(75, 62108.0)	(80, 62575.0)	(85, 100933.0)	(90, 113215.0)	(95, 119319.0)	(100, 126289.0)	(105, 127856.0)	(110, 126093.0)	(115, 126969.0)	(120, 127613.0)	(125, 129792.0)	(130, 133946.0)	(135, 141169.0)	(140, 144367.0)	(145, 120980.0)	(150, 174325048.0)
trimmed_fastp | fastqc_results | RNP_Cas4_S68_L002_R1_filtered	(50, 43503.0)	(55, 45541.0)	(60, 46736.0)	(65, 49338.0)	(70, 52255.0)	(75, 53817.0)	(80, 54493.0)	(85, 87464.0)	(90, 98820.0)	(95, 104213.0)	(100, 110201.0)	(105, 111953.0)	(110, 112834.0)	(115, 113335.0)	(120, 114102.0)	(125, 116255.0)	(130, 119708.0)	(135, 125011.0)	(140, 127913.0)	(145, 104097.0)	(150, 159546084.0)
trimmed_fastp | fastqc_results | RNP_Cas4_S68_L002_R2_filtered	(50, 44797.0)	(55, 46774.0)	(60, 48046.0)	(65, 50579.0)	(70, 53371.0)	(75, 54858.0)	(80, 55143.0)	(85, 87985.0)	(90, 99034.0)	(95, 105352.0)	(100, 112705.0)	(105, 113889.0)	(110, 113572.0)	(115, 114121.0)	(120, 115215.0)	(125, 117160.0)	(130, 121230.0)	(135, 127774.0)	(140, 130367.0)	(145, 104097.0)	(150, 159521604.0)
trimmed_trimmomatic | fastqc_results | Control_MNP_III_S56_L002_R1_paired	(50, 64472.0)	(55, 70831.0)	(60, 76986.0)	(65, 81163.0)	(70, 84521.0)	(75, 85893.0)	(80, 91279.0)	(85, 92920.0)	(90, 95748.0)	(95, 97985.0)	(100, 100190.0)	(105, 101702.0)	(110, 104400.0)	(115, 111055.0)	(120, 110548.0)	(125, 108465.0)	(130, 108106.0)	(135, 112406.0)	(140, 114701.0)	(145, 358251.0)	(150, 129689043.0)
trimmed_trimmomatic | fastqc_results | Control_MNP_III_S56_L002_R1_unpaired	(50, 14873.0)	(55, 14184.0)	(60, 13172.0)	(65, 12214.0)	(70, 11166.0)	(75, 10392.0)	(80, 10061.0)	(85, 9317.0)	(90, 8800.0)	(95, 8652.0)	(100, 8388.0)	(105, 8082.0)	(110, 7916.0)	(115, 8049.0)	(120, 7745.0)	(125, 7261.0)	(130, 7062.0)	(135, 6952.0)	(140, 6896.0)	(145, 20332.0)	(150, 1127971.0)
trimmed_trimmomatic | fastqc_results | Control_MNP_III_S56_L002_R2_paired	(50, 84079.0)	(55, 87946.0)	(60, 90052.0)	(65, 95221.0)	(70, 98891.0)	(75, 102887.0)	(80, 106026.0)	(85, 110936.0)	(90, 116325.0)	(95, 119242.0)	(100, 122993.0)	(105, 126651.0)	(110, 131930.0)	(115, 133770.0)	(120, 137259.0)	(125, 138853.0)	(130, 144078.0)	(135, 143559.0)	(140, 150500.0)	(145, 434427.0)	(150, 129185040.0)
trimmed_trimmomatic | fastqc_results | Control_MNP_III_S56_L002_R2_unpaired	(50, 7502.0)	(55, 6814.0)	(60, 5968.0)	(65, 5462.0)	(70, 4885.0)	(75, 4632.0)	(80, 4250.0)	(85, 3958.0)	(90, 3701.0)	(95, 3493.0)	(100, 3375.0)	(105, 3311.0)	(110, 3197.0)	(115, 2973.0)	(120, 2839.0)	(125, 2763.0)	(130, 2781.0)	(135, 2702.0)	(140, 2668.0)	(145, 7665.0)	(150, 269066.0)
trimmed_trimmomatic | fastqc_results | Control_MNP_II_S55_L002_R1_paired	(50, 58633.0)	(55, 65557.0)	(60, 72484.0)	(65, 76161.0)	(70, 79541.0)	(75, 82423.0)	(80, 87081.0)	(85, 89266.0)	(90, 92072.0)	(95, 94286.0)	(100, 96856.0)	(105, 98187.0)	(110, 101676.0)	(115, 106915.0)	(120, 106698.0)	(125, 105518.0)	(130, 104583.0)	(135, 108594.0)	(140, 110429.0)	(145, 335081.0)	(150, 123979891.0)
trimmed_trimmomatic | fastqc_results | Control_MNP_II_S55_L002_R1_unpaired	(50, 13826.0)	(55, 13349.0)	(60, 12906.0)	(65, 11776.0)	(70, 10849.0)	(75, 10020.0)	(80, 9512.0)	(85, 8877.0)	(90, 8543.0)	(95, 8356.0)	(100, 8059.0)	(105, 7920.0)	(110, 7782.0)	(115, 7726.0)	(120, 7620.0)	(125, 7138.0)	(130, 6817.0)	(135, 6998.0)	(140, 6899.0)	(145, 20610.0)	(150, 1205398.0)
trimmed_trimmomatic | fastqc_results | Control_MNP_II_S55_L002_R2_paired	(50, 85355.0)	(55, 89743.0)	(60, 93978.0)	(65, 100159.0)	(70, 103336.0)	(75, 108692.0)	(80, 111830.0)	(85, 115986.0)	(90, 121175.0)	(95, 124326.0)	(100, 128166.0)	(105, 132232.0)	(110, 137189.0)	(115, 139966.0)	(120, 142346.0)	(125, 144136.0)	(130, 148648.0)	(135, 149008.0)	(140, 155251.0)	(145, 441736.0)	(150, 123278674.0)
trimmed_trimmomatic | fastqc_results | Control_MNP_II_S55_L002_R2_unpaired	(50, 6959.0)	(55, 6401.0)	(60, 5613.0)	(65, 4960.0)	(70, 4641.0)	(75, 4198.0)	(80, 3808.0)	(85, 3502.0)	(90, 3485.0)	(95, 3082.0)	(100, 3087.0)	(105, 2961.0)	(110, 2790.0)	(115, 2742.0)	(120, 2592.0)	(125, 2517.0)	(130, 2496.0)	(135, 2323.0)	(140, 2342.0)	(145, 6746.0)	(150, 224066.0)
trimmed_trimmomatic | fastqc_results | Control_MNP_I_S54_L002_R1_paired	(50, 59119.0)	(55, 65663.0)	(60, 72043.0)	(65, 75682.0)	(70, 78156.0)	(75, 81917.0)	(80, 85510.0)	(85, 87727.0)	(90, 90158.0)	(95, 92183.0)	(100, 95005.0)	(105, 95671.0)	(110, 98588.0)	(115, 104655.0)	(120, 104033.0)	(125, 101797.0)	(130, 101372.0)	(135, 105015.0)	(140, 107039.0)	(145, 328085.0)	(150, 121724622.0)
trimmed_trimmomatic | fastqc_results | Control_MNP_I_S54_L002_R1_unpaired	(50, 13305.0)	(55, 12813.0)	(60, 12122.0)	(65, 11275.0)	(70, 10294.0)	(75, 9582.0)	(80, 9188.0)	(85, 8595.0)	(90, 8386.0)	(95, 8028.0)	(100, 7724.0)	(105, 7634.0)	(110, 7562.0)	(115, 7684.0)	(120, 7249.0)	(125, 6724.0)	(130, 6613.0)	(135, 6612.0)	(140, 6538.0)	(145, 18997.0)	(150, 1090306.0)
trimmed_trimmomatic | fastqc_results | Control_MNP_I_S54_L002_R2_paired	(50, 81734.0)	(55, 84457.0)	(60, 88305.0)	(65, 94230.0)	(70, 98358.0)	(75, 102387.0)	(80, 105595.0)	(85, 108342.0)	(90, 114403.0)	(95, 117835.0)	(100, 119816.0)	(105, 124490.0)	(110, 128684.0)	(115, 130598.0)	(120, 133020.0)	(125, 135726.0)	(130, 138884.0)	(135, 138560.0)	(140, 143910.0)	(145, 414194.0)	(150, 121150512.0)
trimmed_trimmomatic | fastqc_results | Control_MNP_I_S54_L002_R2_unpaired	(50, 6843.0)	(55, 6219.0)	(60, 5390.0)	(65, 4968.0)	(70, 4489.0)	(75, 4161.0)	(80, 3854.0)	(85, 3558.0)	(90, 3425.0)	(95, 3396.0)	(100, 3149.0)	(105, 3022.0)	(110, 2864.0)	(115, 2741.0)	(120, 2622.0)	(125, 2595.0)	(130, 2498.0)	(135, 2430.0)	(140, 2387.0)	(145, 6786.0)	(150, 237543.0)
trimmed_trimmomatic | fastqc_results | Only_MNP_C1_S57_L002_R1_paired	(50, 53868.0)	(55, 59743.0)	(60, 65665.0)	(65, 69009.0)	(70, 71428.0)	(75, 73822.0)	(80, 78550.0)	(85, 80234.0)	(90, 82824.0)	(95, 84283.0)	(100, 87216.0)	(105, 89214.0)	(110, 91314.0)	(115, 96790.0)	(120, 96350.0)	(125, 94556.0)	(130, 93901.0)	(135, 97568.0)	(140, 99995.0)	(145, 305353.0)	(150, 110994707.0)
trimmed_trimmomatic | fastqc_results | Only_MNP_C1_S57_L002_R1_unpaired	(50, 12183.0)	(55, 11847.0)	(60, 11263.0)	(65, 10499.0)	(70, 9623.0)	(75, 8856.0)	(80, 8403.0)	(85, 8109.0)	(90, 7664.0)	(95, 7283.0)	(100, 7299.0)	(105, 6905.0)	(110, 6910.0)	(115, 7004.0)	(120, 6707.0)	(125, 6455.0)	(130, 6079.0)	(135, 6105.0)	(140, 6099.0)	(145, 18068.0)	(150, 921680.0)
trimmed_trimmomatic | fastqc_results | Only_MNP_C1_S57_L002_R2_paired	(50, 72142.0)	(55, 75767.0)	(60, 79523.0)	(65, 84871.0)	(70, 87992.0)	(75, 92561.0)	(80, 96496.0)	(85, 100150.0)	(90, 104370.0)	(95, 107445.0)	(100, 110245.0)	(105, 113702.0)	(110, 117725.0)	(115, 120972.0)	(120, 123379.0)	(125, 125255.0)	(130, 128490.0)	(135, 129737.0)	(140, 134431.0)	(145, 387077.0)	(150, 110474060.0)
trimmed_trimmomatic | fastqc_results | Only_MNP_C1_S57_L002_R2_unpaired	(50, 5997.0)	(55, 5485.0)	(60, 4714.0)	(65, 4366.0)	(70, 3955.0)	(75, 3588.0)	(80, 3422.0)	(85, 3217.0)	(90, 3023.0)	(95, 2922.0)	(100, 2774.0)	(105, 2679.0)	(110, 2557.0)	(115, 2447.0)	(120, 2411.0)	(125, 2230.0)	(130, 2207.0)	(135, 2139.0)	(140, 2160.0)	(145, 6147.0)	(150, 208277.0)
trimmed_trimmomatic | fastqc_results | Only_MNP_C2_S58_L002_R1_paired	(50, 57134.0)	(55, 63826.0)	(60, 69688.0)	(65, 73482.0)	(70, 75975.0)	(75, 78874.0)	(80, 82037.0)	(85, 85281.0)	(90, 87241.0)	(95, 89427.0)	(100, 92288.0)	(105, 92990.0)	(110, 95909.0)	(115, 102076.0)	(120, 100808.0)	(125, 99671.0)	(130, 98979.0)	(135, 102736.0)	(140, 104518.0)	(145, 320587.0)	(150, 118392873.0)
trimmed_trimmomatic | fastqc_results | Only_MNP_C2_S58_L002_R1_unpaired	(50, 13581.0)	(55, 13175.0)	(60, 12211.0)	(65, 11168.0)	(70, 10401.0)	(75, 9592.0)	(80, 9084.0)	(85, 8707.0)	(90, 8081.0)	(95, 7881.0)	(100, 7673.0)	(105, 7361.0)	(110, 7425.0)	(115, 7246.0)	(120, 6895.0)	(125, 6561.0)	(130, 6210.0)	(135, 6299.0)	(140, 6166.0)	(145, 18446.0)	(150, 874130.0)
trimmed_trimmomatic | fastqc_results | Only_MNP_C2_S58_L002_R2_paired	(50, 74641.0)	(55, 78687.0)	(60, 82992.0)	(65, 88499.0)	(70, 92352.0)	(75, 97149.0)	(80, 100129.0)	(85, 103617.0)	(90, 109003.0)	(95, 112420.0)	(100, 115736.0)	(105, 118751.0)	(110, 123254.0)	(115, 125105.0)	(120, 127740.0)	(125, 130193.0)	(130, 134069.0)	(135, 133947.0)	(140, 139602.0)	(145, 402449.0)	(150, 117876065.0)
trimmed_trimmomatic | fastqc_results | Only_MNP_C2_S58_L002_R2_unpaired	(50, 6595.0)	(55, 6064.0)	(60, 5435.0)	(65, 5009.0)	(70, 4415.0)	(75, 4059.0)	(80, 3801.0)	(85, 3467.0)	(90, 3452.0)	(95, 3185.0)	(100, 3080.0)	(105, 2905.0)	(110, 2778.0)	(115, 2627.0)	(120, 2598.0)	(125, 2454.0)	(130, 2462.0)	(135, 2402.0)	(140, 2321.0)	(145, 6724.0)	(150, 224134.0)
trimmed_trimmomatic | fastqc_results | Only_MNP_C3_S59_L002_R1_paired	(50, 57823.0)	(55, 64083.0)	(60, 70140.0)	(65, 74798.0)	(70, 77668.0)	(75, 80183.0)	(80, 84859.0)	(85, 86940.0)	(90, 89672.0)	(95, 91531.0)	(100, 95369.0)	(105, 96397.0)	(110, 98265.0)	(115, 104903.0)	(120, 104185.0)	(125, 102861.0)	(130, 101963.0)	(135, 105503.0)	(140, 107522.0)	(145, 330967.0)	(150, 120193125.0)
trimmed_trimmomatic | fastqc_results | Only_MNP_C3_S59_L002_R1_unpaired	(50, 13837.0)	(55, 13251.0)	(60, 12589.0)	(65, 11450.0)	(70, 10611.0)	(75, 9775.0)	(80, 9343.0)	(85, 8803.0)	(90, 8408.0)	(95, 8102.0)	(100, 7938.0)	(105, 7723.0)	(110, 7536.0)	(115, 7715.0)	(120, 7488.0)	(125, 7129.0)	(130, 6502.0)	(135, 6707.0)	(140, 6578.0)	(145, 19928.0)	(150, 931130.0)
trimmed_trimmomatic | fastqc_results | Only_MNP_C3_S59_L002_R2_paired	(50, 77632.0)	(55, 81930.0)	(60, 86030.0)	(65, 91737.0)	(70, 95751.0)	(75, 100081.0)	(80, 103411.0)	(85, 107589.0)	(90, 113523.0)	(95, 116939.0)	(100, 119270.0)	(105, 122901.0)	(110, 127859.0)	(115, 130383.0)	(120, 132621.0)	(125, 135700.0)	(130, 140008.0)	(135, 140947.0)	(140, 146230.0)	(145, 421826.0)	(150, 119626389.0)
trimmed_trimmomatic | fastqc_results | Only_MNP_C3_S59_L002_R2_unpaired	(50, 6929.0)	(55, 5984.0)	(60, 5433.0)	(65, 4950.0)	(70, 4508.0)	(75, 4082.0)	(80, 3715.0)	(85, 3613.0)	(90, 3365.0)	(95, 3150.0)	(100, 3036.0)	(105, 2960.0)	(110, 2855.0)	(115, 2686.0)	(120, 2590.0)	(125, 2499.0)	(130, 2450.0)	(135, 2336.0)	(140, 2239.0)	(145, 6637.0)	(150, 221208.0)
trimmed_trimmomatic | fastqc_results | Only_MNP_C4_S60_L002_R1_paired	(50, 57336.0)	(55, 64100.0)	(60, 69232.0)	(65, 72531.0)	(70, 75237.0)	(75, 77082.0)	(80, 81719.0)	(85, 83144.0)	(90, 85664.0)	(95, 88010.0)	(100, 90221.0)	(105, 91787.0)	(110, 94693.0)	(115, 100665.0)	(120, 100437.0)	(125, 98338.0)	(130, 98624.0)	(135, 101536.0)	(140, 104150.0)	(145, 327089.0)	(150, 118201741.0)
trimmed_trimmomatic | fastqc_results | Only_MNP_C4_S60_L002_R1_unpaired	(50, 14511.0)	(55, 13832.0)	(60, 13014.0)	(65, 12201.0)	(70, 11157.0)	(75, 10191.0)	(80, 10085.0)	(85, 9354.0)	(90, 8908.0)	(95, 8572.0)	(100, 8468.0)	(105, 8176.0)	(110, 8018.0)	(115, 8045.0)	(120, 7607.0)	(125, 7279.0)	(130, 7133.0)	(135, 6960.0)	(140, 6928.0)	(145, 20656.0)	(150, 1010972.0)
trimmed_trimmomatic | fastqc_results | Only_MNP_C4_S60_L002_R2_paired	(50, 75219.0)	(55, 77957.0)	(60, 80672.0)	(65, 86192.0)	(70, 89518.0)	(75, 93464.0)	(80, 96329.0)	(85, 99178.0)	(90, 104202.0)	(95, 106996.0)	(100, 110288.0)	(105, 113774.0)	(110, 118322.0)	(115, 120849.0)	(120, 122299.0)	(125, 125529.0)	(130, 129564.0)	(135, 129602.0)	(140, 135335.0)	(145, 401716.0)	(150, 117746331.0)
trimmed_trimmomatic | fastqc_results | Only_MNP_C4_S60_L002_R2_unpaired	(50, 6804.0)	(55, 6251.0)	(60, 5468.0)	(65, 5040.0)	(70, 4564.0)	(75, 4250.0)	(80, 3956.0)	(85, 3503.0)	(90, 3420.0)	(95, 3315.0)	(100, 3072.0)	(105, 3074.0)	(110, 2996.0)	(115, 2758.0)	(120, 2741.0)	(125, 2625.0)	(130, 2460.0)	(135, 2395.0)	(140, 2455.0)	(145, 7101.0)	(150, 233243.0)
trimmed_trimmomatic | fastqc_results | Plasmid_Ko_P1_S61_L002_R1_paired	(50, 59550.0)	(55, 66337.0)	(60, 72416.0)	(65, 75634.0)	(70, 79229.0)	(75, 81282.0)	(80, 86051.0)	(85, 87563.0)	(90, 90589.0)	(95, 92422.0)	(100, 95120.0)	(105, 96531.0)	(110, 99321.0)	(115, 105147.0)	(120, 105029.0)	(125, 102533.0)	(130, 101926.0)	(135, 106292.0)	(140, 108113.0)	(145, 332372.0)	(150, 122041070.0)
trimmed_trimmomatic | fastqc_results | Plasmid_Ko_P1_S61_L002_R1_unpaired	(50, 13939.0)	(55, 13708.0)	(60, 12534.0)	(65, 11925.0)	(70, 10833.0)	(75, 10163.0)	(80, 9464.0)	(85, 9108.0)	(90, 8616.0)	(95, 8410.0)	(100, 8236.0)	(105, 7964.0)	(110, 7781.0)	(115, 7849.0)	(120, 7567.0)	(125, 7218.0)	(130, 6890.0)	(135, 6813.0)	(140, 6907.0)	(145, 20161.0)	(150, 1088828.0)
trimmed_trimmomatic | fastqc_results | Plasmid_Ko_P1_S61_L002_R2_paired	(50, 80499.0)	(55, 84572.0)	(60, 88286.0)	(65, 94345.0)	(70, 98256.0)	(75, 102842.0)	(80, 105124.0)	(85, 109279.0)	(90, 114382.0)	(95, 117631.0)	(100, 121324.0)	(105, 124891.0)	(110, 129785.0)	(115, 131656.0)	(120, 134575.0)	(125, 137728.0)	(130, 140646.0)	(135, 140572.0)	(140, 146597.0)	(145, 420739.0)	(150, 121460798.0)
trimmed_trimmomatic | fastqc_results | Plasmid_Ko_P1_S61_L002_R2_unpaired	(50, 6931.0)	(55, 6431.0)	(60, 5355.0)	(65, 5026.0)	(70, 4612.0)	(75, 4169.0)	(80, 3907.0)	(85, 3569.0)	(90, 3442.0)	(95, 3275.0)	(100, 3004.0)	(105, 3091.0)	(110, 2935.0)	(115, 2799.0)	(120, 2634.0)	(125, 2688.0)	(130, 2563.0)	(135, 2449.0)	(140, 2471.0)	(145, 6965.0)	(150, 239080.0)
trimmed_trimmomatic | fastqc_results | Plasmid_Ko_P2_S62_L002_R1_paired	(50, 56221.0)	(55, 63087.0)	(60, 68378.0)	(65, 71708.0)	(70, 74900.0)	(75, 76204.0)	(80, 81194.0)	(85, 83187.0)	(90, 85659.0)	(95, 87244.0)	(100, 90325.0)	(105, 91592.0)	(110, 94599.0)	(115, 100461.0)	(120, 100241.0)	(125, 98311.0)	(130, 97963.0)	(135, 101901.0)	(140, 104195.0)	(145, 327474.0)	(150, 120496863.0)
trimmed_trimmomatic | fastqc_results | Plasmid_Ko_P2_S62_L002_R1_unpaired	(50, 14441.0)	(55, 13907.0)	(60, 12897.0)	(65, 12066.0)	(70, 11237.0)	(75, 10465.0)	(80, 9855.0)	(85, 9510.0)	(90, 9193.0)	(95, 8730.0)	(100, 8481.0)	(105, 8304.0)	(110, 8251.0)	(115, 8222.0)	(120, 7939.0)	(125, 7517.0)	(130, 6954.0)	(135, 7096.0)	(140, 6970.0)	(145, 21312.0)	(150, 1067191.0)
trimmed_trimmomatic | fastqc_results | Plasmid_Ko_P2_S62_L002_R2_paired	(50, 76185.0)	(55, 79479.0)	(60, 83081.0)	(65, 87699.0)	(70, 90003.0)	(75, 94591.0)	(80, 97380.0)	(85, 100247.0)	(90, 105749.0)	(95, 108903.0)	(100, 112262.0)	(105, 114802.0)	(110, 119949.0)	(115, 122401.0)	(120, 125526.0)	(125, 127885.0)	(130, 132100.0)	(135, 132112.0)	(140, 137785.0)	(145, 412906.0)	(150, 119990662.0)
trimmed_trimmomatic | fastqc_results | Plasmid_Ko_P2_S62_L002_R2_unpaired	(50, 6629.0)	(55, 5859.0)	(60, 5270.0)	(65, 4751.0)	(70, 4441.0)	(75, 4089.0)	(80, 3810.0)	(85, 3434.0)	(90, 3385.0)	(95, 3117.0)	(100, 3136.0)	(105, 2988.0)	(110, 2853.0)	(115, 2679.0)	(120, 2575.0)	(125, 2567.0)	(130, 2517.0)	(135, 2346.0)	(140, 2278.0)	(145, 6862.0)	(150, 222521.0)
trimmed_trimmomatic | fastqc_results | Plasmid_Ko_P3_S63_L002_R1_paired	(50, 56127.0)	(55, 62974.0)	(60, 68371.0)	(65, 73060.0)	(70, 75678.0)	(75, 78754.0)	(80, 83343.0)	(85, 85086.0)	(90, 87713.0)	(95, 89604.0)	(100, 91437.0)	(105, 92701.0)	(110, 95868.0)	(115, 101306.0)	(120, 100474.0)	(125, 99025.0)	(130, 97987.0)	(135, 101578.0)	(140, 103244.0)	(145, 309224.0)	(150, 107753816.0)
trimmed_trimmomatic | fastqc_results | Plasmid_Ko_P3_S63_L002_R1_unpaired	(50, 13914.0)	(55, 13393.0)	(60, 12596.0)	(65, 11271.0)	(70, 10457.0)	(75, 9618.0)	(80, 9040.0)	(85, 8266.0)	(90, 8122.0)	(95, 7815.0)	(100, 7556.0)	(105, 7345.0)	(110, 7224.0)	(115, 7303.0)	(120, 6874.0)	(125, 6700.0)	(130, 6297.0)	(135, 6337.0)	(140, 6112.0)	(145, 17807.0)	(150, 937642.0)
trimmed_trimmomatic | fastqc_results | Plasmid_Ko_P3_S63_L002_R2_paired	(50, 74238.0)	(55, 78693.0)	(60, 82556.0)	(65, 88485.0)	(70, 92153.0)	(75, 97253.0)	(80, 99947.0)	(85, 104189.0)	(90, 108383.0)	(95, 111478.0)	(100, 114771.0)	(105, 119015.0)	(110, 122646.0)	(115, 124874.0)	(120, 126139.0)	(125, 129036.0)	(130, 132137.0)	(135, 132257.0)	(140, 137336.0)	(145, 388455.0)	(150, 107243329.0)
trimmed_trimmomatic | fastqc_results | Plasmid_Ko_P3_S63_L002_R2_unpaired	(50, 7000.0)	(55, 6153.0)	(60, 5439.0)	(65, 4956.0)	(70, 4482.0)	(75, 4129.0)	(80, 3816.0)	(85, 3521.0)	(90, 3362.0)	(95, 3167.0)	(100, 2956.0)	(105, 2914.0)	(110, 2706.0)	(115, 2639.0)	(120, 2584.0)	(125, 2451.0)	(130, 2487.0)	(135, 2332.0)	(140, 2257.0)	(145, 6546.0)	(150, 214605.0)
trimmed_trimmomatic | fastqc_results | Plasmid_Ko_P4_S64_L002_R1_paired	(50, 58356.0)	(55, 64720.0)	(60, 70453.0)	(65, 74023.0)	(70, 76927.0)	(75, 79025.0)	(80, 83733.0)	(85, 85613.0)	(90, 87313.0)	(95, 90235.0)	(100, 91800.0)	(105, 93962.0)	(110, 97016.0)	(115, 102179.0)	(120, 101781.0)	(125, 99493.0)	(130, 99959.0)	(135, 103500.0)	(140, 105401.0)	(145, 327769.0)	(150, 117350141.0)
trimmed_trimmomatic | fastqc_results | Plasmid_Ko_P4_S64_L002_R1_unpaired	(50, 14466.0)	(55, 13878.0)	(60, 13099.0)	(65, 11937.0)	(70, 11130.0)	(75, 10030.0)	(80, 9814.0)	(85, 9078.0)	(90, 8730.0)	(95, 8375.0)	(100, 8206.0)	(105, 7940.0)	(110, 7785.0)	(115, 7851.0)	(120, 7665.0)	(125, 7204.0)	(130, 6870.0)	(135, 7002.0)	(140, 6984.0)	(145, 21006.0)	(150, 985019.0)
trimmed_trimmomatic | fastqc_results | Plasmid_Ko_P4_S64_L002_R2_paired	(50, 76539.0)	(55, 80181.0)	(60, 83698.0)	(65, 88934.0)	(70, 92423.0)	(75, 96722.0)	(80, 99628.0)	(85, 102856.0)	(90, 107681.0)	(95, 110631.0)	(100, 113901.0)	(105, 117247.0)	(110, 122596.0)	(115, 124548.0)	(120, 127700.0)	(125, 129577.0)	(130, 133929.0)	(135, 135131.0)	(140, 140644.0)	(145, 409351.0)	(150, 116849482.0)
trimmed_trimmomatic | fastqc_results | Plasmid_Ko_P4_S64_L002_R2_unpaired	(50, 7028.0)	(55, 6441.0)	(60, 5578.0)	(65, 5112.0)	(70, 4685.0)	(75, 4241.0)	(80, 3961.0)	(85, 3701.0)	(90, 3556.0)	(95, 3234.0)	(100, 3224.0)	(105, 3125.0)	(110, 2922.0)	(115, 2878.0)	(120, 2755.0)	(125, 2649.0)	(130, 2630.0)	(135, 2390.0)	(140, 2408.0)	(145, 7163.0)	(150, 232275.0)
trimmed_trimmomatic | fastqc_results | RNP_Cas1_S65_L002_R1_paired	(50, 74363.0)	(55, 82445.0)	(60, 90347.0)	(65, 95369.0)	(70, 98582.0)	(75, 101908.0)	(80, 107582.0)	(85, 110873.0)	(90, 113112.0)	(95, 115789.0)	(100, 119413.0)	(105, 121332.0)	(110, 125147.0)	(115, 132155.0)	(120, 131935.0)	(125, 129120.0)	(130, 128779.0)	(135, 133475.0)	(140, 135865.0)	(145, 420545.0)	(150, 153408401.0)
trimmed_trimmomatic | fastqc_results | RNP_Cas1_S65_L002_R1_unpaired	(50, 17265.0)	(55, 16700.0)	(60, 15390.0)	(65, 14518.0)	(70, 13368.0)	(75, 12230.0)	(80, 11533.0)	(85, 10881.0)	(90, 10389.0)	(95, 10016.0)	(100, 9775.0)	(105, 9612.0)	(110, 9237.0)	(115, 9453.0)	(120, 9004.0)	(125, 8576.0)	(130, 8187.0)	(135, 8272.0)	(140, 8051.0)	(145, 24079.0)	(150, 1369955.0)
trimmed_trimmomatic | fastqc_results | RNP_Cas1_S65_L002_R2_paired	(50, 102222.0)	(55, 106880.0)	(60, 111170.0)	(65, 118362.0)	(70, 122334.0)	(75, 128055.0)	(80, 131341.0)	(85, 136594.0)	(90, 143350.0)	(95, 145962.0)	(100, 149998.0)	(105, 154578.0)	(110, 160220.0)	(115, 162845.0)	(120, 165456.0)	(125, 168190.0)	(130, 172308.0)	(135, 172309.0)	(140, 179640.0)	(145, 518080.0)	(150, 152726643.0)
trimmed_trimmomatic | fastqc_results | RNP_Cas1_S65_L002_R2_unpaired	(50, 8481.0)	(55, 7561.0)	(60, 6906.0)	(65, 6255.0)	(70, 5700.0)	(75, 5331.0)	(80, 4893.0)	(85, 4449.0)	(90, 4408.0)	(95, 4116.0)	(100, 3979.0)	(105, 3720.0)	(110, 3686.0)	(115, 3402.0)	(120, 3382.0)	(125, 3161.0)	(130, 3042.0)	(135, 2853.0)	(140, 3002.0)	(145, 8624.0)	(150, 295030.0)
trimmed_trimmomatic | fastqc_results | RNP_Cas2_S66_L002_R1_paired	(50, 68868.0)	(55, 75779.0)	(60, 83729.0)	(65, 87914.0)	(70, 91392.0)	(75, 94813.0)	(80, 100116.0)	(85, 102117.0)	(90, 105051.0)	(95, 107476.0)	(100, 111284.0)	(105, 113003.0)	(110, 116396.0)	(115, 123650.0)	(120, 122229.0)	(125, 120468.0)	(130, 120118.0)	(135, 124014.0)	(140, 125906.0)	(145, 389239.0)	(150, 140757134.0)
trimmed_trimmomatic | fastqc_results | RNP_Cas2_S66_L002_R1_unpaired	(50, 16728.0)	(55, 15862.0)	(60, 15260.0)	(65, 14191.0)	(70, 12924.0)	(75, 11946.0)	(80, 11314.0)	(85, 10778.0)	(90, 9981.0)	(95, 9801.0)	(100, 9706.0)	(105, 9477.0)	(110, 9196.0)	(115, 9483.0)	(120, 8816.0)	(125, 8480.0)	(130, 8049.0)	(135, 8106.0)	(140, 8078.0)	(145, 23699.0)	(150, 1183212.0)
trimmed_trimmomatic | fastqc_results | RNP_Cas2_S66_L002_R2_paired	(50, 93158.0)	(55, 97196.0)	(60, 101895.0)	(65, 108183.0)	(70, 112903.0)	(75, 118054.0)	(80, 121626.0)	(85, 126115.0)	(90, 133027.0)	(95, 136143.0)	(100, 140995.0)	(105, 144542.0)	(110, 150282.0)	(115, 153881.0)	(120, 156194.0)	(125, 159425.0)	(130, 164139.0)	(135, 164876.0)	(140, 171278.0)	(145, 498878.0)	(150, 140087906.0)
trimmed_trimmomatic | fastqc_results | RNP_Cas2_S66_L002_R2_unpaired	(50, 7945.0)	(55, 7033.0)	(60, 6408.0)	(65, 5811.0)	(70, 5241.0)	(75, 4828.0)	(80, 4521.0)	(85, 4254.0)	(90, 4080.0)	(95, 3770.0)	(100, 3674.0)	(105, 3507.0)	(110, 3450.0)	(115, 3205.0)	(120, 3153.0)	(125, 3058.0)	(130, 3055.0)	(135, 2799.0)	(140, 2892.0)	(145, 7974.0)	(150, 266086.0)
trimmed_trimmomatic | fastqc_results | RNP_Cas3_S67_L002_R1_paired	(50, 88205.0)	(55, 97480.0)	(60, 106680.0)	(65, 111734.0)	(70, 115349.0)	(75, 119104.0)	(80, 125138.0)	(85, 128057.0)	(90, 130547.0)	(95, 133756.0)	(100, 137759.0)	(105, 139128.0)	(110, 143894.0)	(115, 151570.0)	(120, 150249.0)	(125, 147611.0)	(130, 145497.0)	(135, 151344.0)	(140, 154180.0)	(145, 481938.0)	(150, 173455559.0)
trimmed_trimmomatic | fastqc_results | RNP_Cas3_S67_L002_R1_unpaired	(50, 21445.0)	(55, 20357.0)	(60, 19138.0)	(65, 17531.0)	(70, 16120.0)	(75, 14805.0)	(80, 13667.0)	(85, 13292.0)	(90, 12516.0)	(95, 11766.0)	(100, 11640.0)	(105, 11057.0)	(110, 11047.0)	(115, 11020.0)	(120, 10557.0)	(125, 9907.0)	(130, 9338.0)	(135, 9460.0)	(140, 9309.0)	(145, 27270.0)	(150, 1320662.0)
trimmed_trimmomatic | fastqc_results | RNP_Cas3_S67_L002_R2_paired	(50, 110572.0)	(55, 118238.0)	(60, 123181.0)	(65, 132728.0)	(70, 139780.0)	(75, 146625.0)	(80, 151356.0)	(85, 157890.0)	(90, 165930.0)	(95, 170339.0)	(100, 175329.0)	(105, 180636.0)	(110, 187274.0)	(115, 191330.0)	(120, 195434.0)	(125, 198457.0)	(130, 205275.0)	(135, 206355.0)	(140, 214002.0)	(145, 610687.0)	(150, 172633361.0)
trimmed_trimmomatic | fastqc_results | RNP_Cas3_S67_L002_R2_unpaired	(50, 10984.0)	(55, 9966.0)	(60, 8744.0)	(65, 8005.0)	(70, 7200.0)	(75, 6610.0)	(80, 5953.0)	(85, 5409.0)	(90, 5257.0)	(95, 4999.0)	(100, 4843.0)	(105, 4564.0)	(110, 4397.0)	(115, 4210.0)	(120, 4085.0)	(125, 3907.0)	(130, 3869.0)	(135, 3654.0)	(140, 3672.0)	(145, 10479.0)	(150, 351598.0)
trimmed_trimmomatic | fastqc_results | RNP_Cas4_S68_L002_R1_paired	(50, 78185.0)	(55, 87199.0)	(60, 95030.0)	(65, 100277.0)	(70, 103751.0)	(75, 107216.0)	(80, 113279.0)	(85, 115978.0)	(90, 118925.0)	(95, 121869.0)	(100, 125433.0)	(105, 127045.0)	(110, 130744.0)	(115, 138455.0)	(120, 137571.0)	(125, 135315.0)	(130, 134841.0)	(135, 140515.0)	(140, 142913.0)	(145, 448250.0)	(150, 158622605.0)
trimmed_trimmomatic | fastqc_results | RNP_Cas4_S68_L002_R1_unpaired	(50, 22238.0)	(55, 21001.0)	(60, 19616.0)	(65, 17967.0)	(70, 16643.0)	(75, 14992.0)	(80, 14426.0)	(85, 13404.0)	(90, 12746.0)	(95, 12420.0)	(100, 12325.0)	(105, 11614.0)	(110, 11572.0)	(115, 11627.0)	(120, 11076.0)	(125, 10540.0)	(130, 9963.0)	(135, 9984.0)	(140, 9989.0)	(145, 30506.0)	(150, 1601287.0)
trimmed_trimmomatic | fastqc_results | RNP_Cas4_S68_L002_R2_paired	(50, 106073.0)	(55, 110698.0)	(60, 115461.0)	(65, 123142.0)	(70, 127992.0)	(75, 134061.0)	(80, 137602.0)	(85, 141776.0)	(90, 149669.0)	(95, 152024.0)	(100, 157372.0)	(105, 162005.0)	(110, 167807.0)	(115, 171316.0)	(120, 175343.0)	(125, 177435.0)	(130, 184155.0)	(135, 183724.0)	(140, 191306.0)	(145, 562508.0)	(150, 157893927.0)
trimmed_trimmomatic | fastqc_results | RNP_Cas4_S68_L002_R2_unpaired	(50, 10527.0)	(55, 9176.0)	(60, 8071.0)	(65, 7203.0)	(70, 6588.0)	(75, 5941.0)	(80, 5473.0)	(85, 5055.0)	(90, 4794.0)	(95, 4516.0)	(100, 4468.0)	(105, 4274.0)	(110, 4214.0)	(115, 3871.0)	(120, 3826.0)	(125, 3693.0)	(130, 3535.0)	(135, 3443.0)	(140, 3458.0)	(145, 9720.0)	(150, 317704.0)
