Sample	0	1	2	3	4	5	6	7	8	9	10	11	12	13	14	15
raw_fastq | fastqc_results | Control_MNP_III_S56_L002_R1_001	(1.0, 86.35084346270598)	(2.0, 7.242342449401009)	(3.0, 1.0699421930021211)	(4.0, 0.4692741537967956)	(5.0, 0.34259902710822987)	(6.0, 0.21982541091917582)	(7.0, 0.20491429723024113)	(8.0, 0.15499342120184145)	(9.0, 0.12304099203388436)	('>10', 1.65267755720459)	('>50', 1.1046541287815974)	('>100', 0.683762620939741)	('>500', 0.17282608984561168)	('>1k', 0.11219215221185193)	('>5k', 0.03744050062986178)	('>10k+', 0.058671542987520905)
raw_fastq | fastqc_results | Control_MNP_III_S56_L002_R2_001	(1.0, 85.89963852691717)	(2.0, 7.474512452631766)	(3.0, 1.0599356289563102)	(4.0, 0.4922983096108588)	(5.0, 0.3409502504809343)	(6.0, 0.21840999767532704)	(7.0, 0.17858496846911742)	(8.0, 0.17166579451833988)	(9.0, 0.14776802417770366)	('>10', 1.6696901090836738)	('>50', 1.0270235204476537)	('>100', 0.7338152045947285)	('>500', 0.2057466406231525)	('>1k', 0.10575080583022607)	('>5k', 0.022164392890113477)	('>10k+', 0.2520453730929556)
raw_fastq | fastqc_results | Control_MNP_II_S55_L002_R1_001	(1.0, 86.57227913117285)	(2.0, 6.9817087850003094)	(3.0, 1.0690795461364222)	(4.0, 0.4723374295950493)	(5.0, 0.3386581786442288)	(6.0, 0.23385591231927175)	(7.0, 0.1949564968051908)	(8.0, 0.16202748742371473)	(9.0, 0.14408100676303748)	('>10', 1.7171848651063872)	('>50', 1.0441907509103296)	('>100', 0.6832432134081949)	('>500', 0.20431354931607512)	('>1k', 0.1169953585835845)	('>5k', 0.03694254195557651)	('>10k+', 0.028145746859838658)
raw_fastq | fastqc_results | Control_MNP_II_S55_L002_R2_001	(1.0, 86.29489369233717)	(2.0, 7.095021193368929)	(3.0, 1.0327537139611258)	(4.0, 0.5011376619150685)	(5.0, 0.32392423679520044)	(6.0, 0.21736398131768983)	(7.0, 0.21944452415860807)	(8.0, 0.15866098647740984)	(9.0, 0.13376693006332258)	('>10', 1.6822081469987156)	('>50', 1.0618330864076144)	('>100', 0.6697740605164811)	('>500', 0.17798676106072242)	('>1k', 0.13918123550301417)	('>5k', 0.014203303301514087)	('>10k+', 0.2778464858174479)
raw_fastq | fastqc_results | Control_MNP_I_S54_L002_R1_001	(1.0, 86.83780742100097)	(2.0, 6.890958110279595)	(3.0, 1.0694048906148608)	(4.0, 0.49945520573898117)	(5.0, 0.33776687940542544)	(6.0, 0.23893075772175834)	(7.0, 0.18902086167655374)	(8.0, 0.14707505552211292)	(9.0, 0.14413116829700576)	('>10', 1.757578433150501)	('>50', 0.9893672640654925)	('>100', 0.587958381356152)	('>500', 0.16647439025989655)	('>1k', 0.08140026414194879)	('>5k', 0.024001155971976367)	('>10k+', 0.03866976079672391)
raw_fastq | fastqc_results | Control_MNP_I_S54_L002_R2_001	(1.0, 86.54074730504256)	(2.0, 7.123078504447373)	(3.0, 1.0421882241922045)	(4.0, 0.47744595629422143)	(5.0, 0.3190897765687125)	(6.0, 0.21148177883583466)	(7.0, 0.19659726820878423)	(8.0, 0.15774023199830678)	(9.0, 0.13782835948153052)	('>10', 1.6724214074334203)	('>50', 1.0009663888492557)	('>100', 0.590392234633555)	('>500', 0.16882235563685194)	('>1k', 0.07844554916711147)	('>5k', 0.014292388894761084)	('>10k+', 0.2684622703155614)
raw_fastq | fastqc_results | Only_MNP_C1_S57_L002_R1_001	(1.0, 87.05800829590709)	(2.0, 6.468169177620703)	(3.0, 1.0051381513436155)	(4.0, 0.47133446300407544)	(5.0, 0.3226863549993019)	(6.0, 0.2398723416598795)	(7.0, 0.18798258108598412)	(8.0, 0.17205963768227717)	(9.0, 0.11809277676415852)	('>10', 1.8994001725161167)	('>50', 1.0512019938891826)	('>100', 0.6156192035651695)	('>500', 0.20726389252284103)	('>1k', 0.12534624228437863)	('>5k', 0.032909037462398386)	('>10k+', 0.024915677692948498)
raw_fastq | fastqc_results | Only_MNP_C1_S57_L002_R2_001	(1.0, 86.53752364892009)	(2.0, 6.758233245862459)	(3.0, 1.0269313394617243)	(4.0, 0.4922673850972742)	(5.0, 0.3249997727159503)	(6.0, 0.2234111225495509)	(7.0, 0.1935752324165023)	(8.0, 0.15572699981965177)	(9.0, 0.10985586152298385)	('>10', 1.8368354374136382)	('>50', 1.085407679489662)	('>100', 0.6583364499972816)	('>500', 0.20861705029236471)	('>1k', 0.11957653575631985)	('>5k', 0.039128328320665144)	('>10k+', 0.2295739103639904)
raw_fastq | fastqc_results | Only_MNP_C2_S58_L002_R1_001	(1.0, 86.59422280543183)	(2.0, 7.016065595134961)	(3.0, 1.041362005699433)	(4.0, 0.49142992888924103)	(5.0, 0.3287543078133603)	(6.0, 0.22692400601716567)	(7.0, 0.19501508274226792)	(8.0, 0.144070499979499)	(9.0, 0.13211905504210797)	('>10', 1.9240157106424995)	('>50', 0.9231365474332386)	('>100', 0.6131015544576516)	('>500', 0.20091318636170463)	('>1k', 0.1350352485146366)	('>5k', 0.02486860391098281)	('>10k+', 0.008965861929461694)
raw_fastq | fastqc_results | Only_MNP_C2_S58_L002_R2_001	(1.0, 86.3125984548403)	(2.0, 7.133420797460626)	(3.0, 1.0864024118952718)	(4.0, 0.4686422702785499)	(5.0, 0.3361652778203176)	(6.0, 0.2305229986615733)	(7.0, 0.15174876710707694)	(8.0, 0.15380894116629676)	(9.0, 0.13288983314159886)	('>10', 1.85767015012624)	('>50', 0.9556123796054274)	('>100', 0.6430959860686078)	('>500', 0.19506029533048577)	('>1k', 0.12853797150550864)	('>5k', 0.029620413431864896)	('>10k+', 0.18420305156035305)
raw_fastq | fastqc_results | Only_MNP_C3_S59_L002_R1_001	(1.0, 86.49515288005385)	(2.0, 6.866234042419266)	(3.0, 1.0929354993193439)	(4.0, 0.46630894739723555)	(5.0, 0.31066597309643246)	(6.0, 0.25482960820053696)	(7.0, 0.18795069606819437)	(8.0, 0.1630234398959191)	(9.0, 0.15108304559934346)	('>10', 1.7479916350974283)	('>50', 1.1078831332847061)	('>100', 0.7497267561594353)	('>500', 0.1938990875154986)	('>1k', 0.16954153430502905)	('>5k', 0.03251713816546304)	('>10k+', 0.010256583422246076)
raw_fastq | fastqc_results | Only_MNP_C3_S59_L002_R2_001	(1.0, 86.12905437486516)	(2.0, 7.008426723959298)	(3.0, 1.122561768956577)	(4.0, 0.48229019033021026)	(5.0, 0.3070368451704458)	(6.0, 0.2313686171988348)	(7.0, 0.20053454044758967)	(8.0, 0.14272689133588853)	(9.0, 0.1318014888311345)	('>10', 1.750634725701837)	('>50', 1.1101536067853777)	('>100', 0.7519568559554608)	('>500', 0.20699247240911106)	('>1k', 0.1812523653501044)	('>5k', 0.027228934592446345)	('>10k+', 0.2159795981105593)
raw_fastq | fastqc_results | Only_MNP_C4_S60_L002_R1_001	(1.0, 86.90751307933363)	(2.0, 6.804254088506648)	(3.0, 1.0193617393526269)	(4.0, 0.44147274009889964)	(5.0, 0.3207492625544575)	(6.0, 0.24890806464738952)	(7.0, 0.18700800174028737)	(8.0, 0.1430650523419065)	(9.0, 0.11910319037351684)	('>10', 1.696441487545222)	('>50', 1.089868272133777)	('>100', 0.6804414778878056)	('>500', 0.18710637133226285)	('>1k', 0.10857007683475796)	('>5k', 0.019321810821767663)	('>10k+', 0.026815284495088368)
raw_fastq | fastqc_results | Only_MNP_C4_S60_L002_R2_001	(1.0, 86.44274452466624)	(2.0, 7.0277822050129375)	(3.0, 1.0540549727417974)	(4.0, 0.4923613289077286)	(5.0, 0.33402668315951556)	(6.0, 0.2543641356842201)	(7.0, 0.19459408129083652)	(8.0, 0.14176292106535002)	(9.0, 0.11885037032552534)	('>10', 1.6576234816571267)	('>50', 1.041756658430877)	('>100', 0.6752187144359806)	('>500', 0.20509908060693474)	('>1k', 0.094562268347233)	('>5k', 0.030099845889145122)	('>10k+', 0.23509872777859384)
raw_fastq | fastqc_results | Plasmid_Ko_P1_S61_L002_R1_001	(1.0, 86.42243752506288)	(2.0, 7.008163601155501)	(3.0, 1.0971164528649018)	(4.0, 0.5233108892629351)	(5.0, 0.35867107921819086)	(6.0, 0.24187483159796305)	(7.0, 0.17997873667246353)	(8.0, 0.1550435661194243)	(9.0, 0.13008844929507582)	('>10', 1.8262491918484225)	('>50', 1.074231536811655)	('>100', 0.622848068567277)	('>500', 0.17124552797336837)	('>1k', 0.13053135008649186)	('>5k', 0.018863881414171266)	('>10k+', 0.039345312049169905)
raw_fastq | fastqc_results | Plasmid_Ko_P1_S61_L002_R2_001	(1.0, 86.34996548105144)	(2.0, 6.919646284893993)	(3.0, 1.0858303157004927)	(4.0, 0.4703826794681784)	(5.0, 0.34096457849713463)	(6.0, 0.2653008286939943)	(7.0, 0.1935675211438937)	(8.0, 0.13774746345760172)	(9.0, 0.13880115062526985)	('>10', 1.8495031366393893)	('>50', 1.0067282704010323)	('>100', 0.6617096957104887)	('>500', 0.17658954625275908)	('>1k', 0.13524356379789013)	('>5k', 0.014592820458835521)	('>10k+', 0.2534266632075386)
raw_fastq | fastqc_results | Plasmid_Ko_P2_S62_L002_R1_001	(1.0, 86.47296004972345)	(2.0, 6.989807962546207)	(3.0, 0.979268821676163)	(4.0, 0.46237005860163005)	(5.0, 0.33667772273232577)	(6.0, 0.23487029147941854)	(7.0, 0.17997345343301632)	(8.0, 0.16104139282702332)	(9.0, 0.12508272331827228)	('>10', 1.8150348364672502)	('>50', 1.1416659661661765)	('>100', 0.7123839021366237)	('>500', 0.2018932311387362)	('>1k', 0.1480251250875834)	('>5k', 0.030055157367582096)	('>10k+', 0.008889305298584923)
raw_fastq | fastqc_results | Plasmid_Ko_P2_S62_L002_R2_001	(1.0, 86.04424919794997)	(2.0, 7.023924550832675)	(3.0, 1.0368351860417588)	(4.0, 0.4952124334441498)	(5.0, 0.3040262766214533)	(6.0, 0.25030014956843205)	(7.0, 0.20052084563084685)	(8.0, 0.14670903595840942)	(9.0, 0.12580158368649233)	('>10', 1.816007037684016)	('>50', 1.1629992475690685)	('>100', 0.7750937751859779)	('>500', 0.2032473427680123)	('>1k', 0.16046461185437855)	('>5k', 0.02162049922714774)	('>10k+', 0.2329882259771387)
raw_fastq | fastqc_results | Plasmid_Ko_P3_S63_L002_R1_001	(1.0, 87.18761730574049)	(2.0, 6.45793873141801)	(3.0, 0.9803098596202693)	(4.0, 0.4853830357045347)	(5.0, 0.3037514219227232)	(6.0, 0.2429111173789788)	(7.0, 0.20701786057252697)	(8.0, 0.15108130959637517)	(9.0, 0.14314168460862708)	('>10', 1.8808346432528724)	('>50', 0.9451683615759604)	('>100', 0.6220101176641174)	('>500', 0.2350350239251594)	('>1k', 0.12104511060841266)	('>5k', 0.03675441641090717)	('>10k+', 0.0)
raw_fastq | fastqc_results | Plasmid_Ko_P3_S63_L002_R2_001	(1.0, 86.76915660448023)	(2.0, 6.593164372585983)	(3.0, 1.0749508944388342)	(4.0, 0.4624683294595758)	(5.0, 0.2971509248977983)	(6.0, 0.2573814862467023)	(7.0, 0.18563817446808367)	(8.0, 0.14578200439349054)	(9.0, 0.11488030728287095)	('>10', 1.867450198980315)	('>50', 1.0042892120079294)	('>100', 0.6359067499699818)	('>500', 0.2219963388005664)	('>1k', 0.12543453721692996)	('>5k', 0.03843796576989566)	('>10k+', 0.20591189900081752)
raw_fastq | fastqc_results | Plasmid_Ko_P4_S64_L002_R1_001	(1.0, 86.61820714790153)	(2.0, 6.9305408337547965)	(3.0, 1.0392644603226355)	(4.0, 0.478400147374643)	(5.0, 0.32372871353432026)	(6.0, 0.22190627359482468)	(7.0, 0.2189984750470221)	(8.0, 0.16806860773360577)	(9.0, 0.14411863250707893)	('>10', 1.7228295166928087)	('>50', 1.0787058588799894)	('>100', 0.6657646145681441)	('>500', 0.2156683339183083)	('>1k', 0.14062049789510567)	('>5k', 0.02488569437532628)	('>10k+', 0.00829219189994633)
raw_fastq | fastqc_results | Plasmid_Ko_P4_S64_L002_R2_001	(1.0, 86.47155733213093)	(2.0, 6.8623784084824475)	(3.0, 1.0787945636573952)	(4.0, 0.44943584652691604)	(5.0, 0.3299894146887162)	(6.0, 0.2533299604508041)	(7.0, 0.1925710268175452)	(8.0, 0.1557180687164516)	(9.0, 0.12682325035316128)	('>10', 1.7427488641573494)	('>50', 1.0440378642858317)	('>100', 0.6824955543831908)	('>500', 0.2059491291321361)	('>1k', 0.14353257534318326)	('>5k', 0.03614403469068249)	('>10k+', 0.22449410618328508)
raw_fastq | fastqc_results | RNP_Cas1_S65_L002_R1_001	(1.0, 85.09010919404871)	(2.0, 7.934927299011083)	(3.0, 1.2485535850024265)	(4.0, 0.48520362590357846)	(5.0, 0.33855196911270213)	(6.0, 0.2747237478674892)	(7.0, 0.20785701782493038)	(8.0, 0.14894483895832705)	(9.0, 0.13599280079893272)	('>10', 1.6508527296530295)	('>50', 1.0921289430839536)	('>100', 0.9989574255481912)	('>500', 0.1661545735292119)	('>1k', 0.1346578986102171)	('>5k', 0.03432451329455296)	('>10k+', 0.05805983775268351)
raw_fastq | fastqc_results | RNP_Cas1_S65_L002_R2_001	(1.0, 84.54427886400187)	(2.0, 8.363833782306449)	(3.0, 1.214989304923895)	(4.0, 0.4971087081892632)	(5.0, 0.3069302748648781)	(6.0, 0.22927411172657175)	(7.0, 0.2004293868983212)	(8.0, 0.1625889728243717)	(9.0, 0.1466759620407528)	('>10', 1.6351990309002442)	('>50', 1.034065940030211)	('>100', 1.045566102943866)	('>500', 0.1722909698914247)	('>1k', 0.15437430482303394)	('>5k', 0.021376399406462805)	('>10k+', 0.27101788422844636)
raw_fastq | fastqc_results | RNP_Cas2_S66_L002_R1_001	(1.0, 85.55170484474925)	(2.0, 7.756271439845717)	(3.0, 1.125672768844757)	(4.0, 0.46819454008218453)	(5.0, 0.32355561161172486)	(6.0, 0.22277127785820752)	(7.0, 0.19386814388018203)	(8.0, 0.14195262853796156)	(9.0, 0.11800148053022443)	('>10', 1.7107001753572708)	('>50', 1.0780780132463146)	('>100', 0.8531343011971924)	('>500', 0.1526836528364217)	('>1k', 0.2528927749382281)	('>5k', 0.025761699617744577)	('>10k+', 0.024756646866772664)
raw_fastq | fastqc_results | RNP_Cas2_S66_L002_R2_001	(1.0, 84.99341687485531)	(2.0, 7.932900152730982)	(3.0, 1.206474411303431)	(4.0, 0.459057619821475)	(5.0, 0.35561924341287793)	(6.0, 0.26307023291753906)	(7.0, 0.18839974648708196)	(8.0, 0.14658399527879917)	(9.0, 0.10673422230711088)	('>10', 1.6563671688763886)	('>50', 1.0915909814970455)	('>100', 0.8694453440578863)	('>500', 0.1681486781686018)	('>1k', 0.27875051031480047)	('>5k', 0.014662935276171019)	('>10k+', 0.26877788269459385)
raw_fastq | fastqc_results | RNP_Cas3_S67_L002_R1_001	(1.0, 83.94346358021863)	(2.0, 8.987953451375775)	(3.0, 1.3465257779296598)	(4.0, 0.5521408921755511)	(5.0, 0.38750610995400503)	(6.0, 0.26673507404136454)	(7.0, 0.1958605461829777)	(8.0, 0.15593280868988146)	(9.0, 0.127980815945017)	('>10', 1.6820475344463237)	('>50', 1.0432830750546973)	('>100', 0.8905789073372004)	('>500', 0.13999341290532918)	('>1k', 0.21979248258827505)	('>5k', 0.019713808335681406)	('>10k+', 0.04049172281960326)
raw_fastq | fastqc_results | RNP_Cas3_S67_L002_R2_001	(1.0, 83.53727942697195)	(2.0, 9.133146037210413)	(3.0, 1.3678672102075342)	(4.0, 0.5560705878915253)	(5.0, 0.3738086147871855)	(6.0, 0.28517166563813706)	(7.0, 0.220421981556557)	(8.0, 0.17758443951488903)	(9.0, 0.13871453595276326)	('>10', 1.69307927033359)	('>50', 0.9762585632636671)	('>100', 0.9056207981679129)	('>500', 0.14153215681934167)	('>1k', 0.25729636400568084)	('>5k', 0.024576930785963038)	('>10k+', 0.2115714168928767)
raw_fastq | fastqc_results | RNP_Cas4_S68_L002_R1_001	(1.0, 84.4070612656247)	(2.0, 8.275588516547524)	(3.0, 1.1935671417097173)	(4.0, 0.5091186589590387)	(5.0, 0.33152789122277093)	(6.0, 0.2826842154248657)	(7.0, 0.229813788278711)	(8.0, 0.18290789184185383)	(9.0, 0.1329738032802106)	('>10', 1.635033643497295)	('>50', 1.2475818210096887)	('>100', 1.1342413280236991)	('>500', 0.1492912609763673)	('>1k', 0.236736895176621)	('>5k', 0.022609135389556237)	('>10k+', 0.029262743037470316)
raw_fastq | fastqc_results | RNP_Cas4_S68_L002_R2_001	(1.0, 83.85419440192716)	(2.0, 8.55436898363121)	(3.0, 1.2700629454533052)	(4.0, 0.49782657965843696)	(5.0, 0.34360593966033376)	(6.0, 0.2550439409048534)	(7.0, 0.2252251828712323)	(8.0, 0.18840991927878106)	(9.0, 0.15356636936182333)	('>10', 1.6191798674748874)	('>50', 1.1223778856768676)	('>100', 1.208418579043934)	('>500', 0.1496615853169937)	('>1k', 0.2564851925672356)	('>5k', 0.020758024207091955)	('>10k+', 0.280814602965955)
trimmed_fastp | fastqc_results | Control_MNP_III_S56_L002_R1_filtered	(1.0, 86.52676285284919)	(2.0, 7.234529492932987)	(3.0, 1.0517339356125923)	(4.0, 0.4806048240162624)	(5.0, 0.33085412620640947)	(6.0, 0.20898751345310485)	(7.0, 0.19906394159602075)	(8.0, 0.15410818038914675)	(9.0, 0.1291398001744811)	('>10', 1.6359044506639184)	('>50', 1.0984946682611239)	('>100', 0.6585117820951125)	('>500', 0.1666139815137082)	('>1k', 0.09810117800929806)	('>5k', 0.026589272226588426)	('>10k+', 0.0)
trimmed_fastp | fastqc_results | Control_MNP_III_S56_L002_R2_filtered	(1.0, 86.11561310690573)	(2.0, 7.549667985247361)	(3.0, 1.0643859452852595)	(4.0, 0.4864480430206745)	(5.0, 0.3347478976165018)	(6.0, 0.20592344829092102)	(7.0, 0.1810017051435877)	(8.0, 0.17506834595774717)	(9.0, 0.14811422236108418)	('>10', 1.6616781538291066)	('>50', 1.0287160343508253)	('>100', 0.7156323170992492)	('>500', 0.18737281187016663)	('>1k', 0.09305787873834455)	('>5k', 0.01483583261251074)	('>10k+', 0.037736271670796545)
trimmed_fastp | fastqc_results | Control_MNP_II_S55_L002_R1_filtered	(1.0, 86.73805389717639)	(2.0, 6.961180717129216)	(3.0, 1.0696112895057082)	(4.0, 0.45958683530099087)	(5.0, 0.32883562703400515)	(6.0, 0.23197658245075317)	(7.0, 0.19305748396369066)	(8.0, 0.16011147717987592)	(9.0, 0.15316764612260161)	('>10', 1.713343356832543)	('>50', 1.0318066648426316)	('>100', 0.6451052960318462)	('>500', 0.1918438264856239)	('>1k', 0.10347228073779025)	('>5k', 0.018847019206292726)	('>10k+', 0.0)
trimmed_fastp | fastqc_results | Control_MNP_II_S55_L002_R2_filtered	(1.0, 86.50139145991601)	(2.0, 7.179143951442027)	(3.0, 1.0342733238640962)	(4.0, 0.49337351676619545)	(5.0, 0.3197217319733857)	(6.0, 0.21589828894521929)	(7.0, 0.22698363886798578)	(8.0, 0.16105262116634006)	(9.0, 0.13209581358922107)	('>10', 1.6765538680333445)	('>50', 1.061671543387079)	('>100', 0.6484775621998112)	('>500', 0.17337627635081904)	('>1k', 0.11599357727266467)	('>5k', 0.014095477685999414)	('>10k+', 0.045897348539892496)
trimmed_fastp | fastqc_results | Control_MNP_I_S54_L002_R1_filtered	(1.0, 87.02250060997262)	(2.0, 6.8592974794500785)	(3.0, 1.0559357517161267)	(4.0, 0.48670726596940683)	(5.0, 0.34493264705301285)	(6.0, 0.2370499488174243)	(7.0, 0.184113499432504)	(8.0, 0.13513811104494974)	(9.0, 0.14821154448278626)	('>10', 1.747552084965084)	('>50', 0.9718301933677265)	('>100', 0.5640304316626026)	('>500', 0.15093365980272377)	('>1k', 0.07320259328655401)	('>5k', 0.018564178976449484)	('>10k+', 0.0)
trimmed_fastp | fastqc_results | Control_MNP_I_S54_L002_R2_filtered	(1.0, 86.74133355517537)	(2.0, 7.186791544559471)	(3.0, 1.0416543748286413)	(4.0, 0.4755790573296218)	(5.0, 0.31584882305676254)	(6.0, 0.21298458457311603)	(7.0, 0.1980660868792358)	(8.0, 0.15811692426427373)	(9.0, 0.1351547628824659)	('>10', 1.6886993257337866)	('>50', 1.0006809079249308)	('>100', 0.5668587214617855)	('>500', 0.15414314539287174)	('>1k', 0.06730413368442423)	('>5k', 0.02212909394877032)	('>10k+', 0.03465495830445467)
trimmed_fastp | fastqc_results | Only_MNP_C1_S57_L002_R1_filtered	(1.0, 87.22251357488679)	(2.0, 6.455266830231102)	(3.0, 0.9796565762951706)	(4.0, 0.4755599665773294)	(5.0, 0.3198466224955735)	(6.0, 0.24299172892858298)	(7.0, 0.1850761019961875)	(8.0, 0.1691448150382587)	(9.0, 0.11615109665774564)	('>10', 1.886512432269759)	('>50', 1.0314471874024793)	('>100', 0.5969067768143859)	('>500', 0.19759923136713434)	('>1k', 0.10263235733364585)	('>5k', 0.01869470170584376)	('>10k+', 0.0)
trimmed_fastp | fastqc_results | Only_MNP_C1_S57_L002_R2_filtered	(1.0, 86.76993127255308)	(2.0, 6.809302879843323)	(3.0, 1.030236583704393)	(4.0, 0.4823896805031834)	(5.0, 0.33272749479800984)	(6.0, 0.21991795447480114)	(7.0, 0.1920139387688088)	(8.0, 0.15207877581498452)	(9.0, 0.11110701047700856)	('>10', 1.8280845525522518)	('>50', 1.0789173604465905)	('>100', 0.6300375167037816)	('>500', 0.2068502452805974)	('>1k', 0.10161174560901524)	('>5k', 0.030080514242255493)	('>10k+', 0.024712474227963042)
trimmed_fastp | fastqc_results | Only_MNP_C2_S58_L002_R1_filtered	(1.0, 86.74385848698972)	(2.0, 6.995673259891378)	(3.0, 1.039602901646321)	(4.0, 0.48055503745510914)	(5.0, 0.3228359267361497)	(6.0, 0.22697940214154075)	(7.0, 0.19406336114284356)	(8.0, 0.14911086540540527)	(9.0, 0.13415565954839437)	('>10', 1.8995080100876225)	('>50', 0.895865470808789)	('>100', 0.580416842285328)	('>500', 0.19945073515277612)	('>1k', 0.11897070568802282)	('>5k', 0.018953335020456055)	('>10k+', 0.0)
trimmed_fastp | fastqc_results | Only_MNP_C2_S58_L002_R2_filtered	(1.0, 86.49702705747602)	(2.0, 7.192551146321387)	(3.0, 1.0762882239748413)	(4.0, 0.4614590512923216)	(5.0, 0.3347474988245174)	(6.0, 0.22892294859804801)	(7.0, 0.15301237967231648)	(8.0, 0.1580787489122306)	(9.0, 0.13011908322860097)	('>10', 1.853077341457746)	('>50', 0.9513557263288724)	('>100', 0.6110948247421929)	('>500', 0.18330157540901224)	('>1k', 0.11706415272536115)	('>5k', 0.02237688458484301)	('>10k+', 0.029523356451655065)
trimmed_fastp | fastqc_results | Only_MNP_C3_S59_L002_R1_filtered	(1.0, 86.64778670416399)	(2.0, 6.848447587311954)	(3.0, 1.084301345940319)	(4.0, 0.4484822270777563)	(5.0, 0.2987781158946765)	(6.0, 0.2509169459003219)	(7.0, 0.19801592204167293)	(8.0, 0.1590782016424721)	(9.0, 0.14513098818694836)	('>10', 1.7468927031337491)	('>50', 1.094366946943991)	('>100', 0.7162893914355914)	('>500', 0.19699983681387775)	('>1k', 0.14571514723643691)	('>5k', 0.018797936276261543)	('>10k+', 0.0)
trimmed_fastp | fastqc_results | Only_MNP_C3_S59_L002_R2_filtered	(1.0, 86.31692739595279)	(2.0, 7.088456403965967)	(3.0, 1.1138597777029233)	(4.0, 0.4742841906808175)	(5.0, 0.3036667979370107)	(6.0, 0.22884312602202384)	(7.0, 0.18994795779347554)	(8.0, 0.14401977683723569)	(9.0, 0.1310718793448773)	('>10', 1.7553989764640061)	('>50', 1.121076234565377)	('>100', 0.7154977564907271)	('>500', 0.2031524343961189)	('>1k', 0.1615661949635389)	('>5k', 0.029796731130454612)	('>10k+', 0.022434365752602957)
trimmed_fastp | fastqc_results | Only_MNP_C4_S60_L002_R1_filtered	(1.0, 87.03069707039229)	(2.0, 6.797608154801717)	(3.0, 1.0007418091637605)	(4.0, 0.44562616919417086)	(5.0, 0.30986962156786474)	(6.0, 0.24899929053723863)	(7.0, 0.19207967872724122)	(8.0, 0.14612161102975296)	(9.0, 0.11514386815086844)	('>10', 1.6851042343621776)	('>50', 1.0751602359064674)	('>100', 0.6597760025293218)	('>500', 0.18513436290173815)	('>1k', 0.08897776700271967)	('>5k', 0.018960123732597298)	('>10k+', 0.0)
trimmed_fastp | fastqc_results | Only_MNP_C4_S60_L002_R2_filtered	(1.0, 86.64315353006364)	(2.0, 7.091124465937465)	(3.0, 1.0493861168124448)	(4.0, 0.49544542401281827)	(5.0, 0.33076813183409703)	(6.0, 0.25492788521575843)	(7.0, 0.19202592349506797)	(8.0, 0.13707575494069052)	(9.0, 0.12111749216316527)	('>10', 1.6544887250200302)	('>50', 1.0495521116345115)	('>100', 0.6481383336938601)	('>500', 0.19369742499729267)	('>1k', 0.0851792126443989)	('>5k', 0.022092056213140518)	('>10k+', 0.031827411321550016)
trimmed_fastp | fastqc_results | Plasmid_Ko_P1_S61_L002_R1_filtered	(1.0, 86.56655419971743)	(2.0, 6.984276711329818)	(3.0, 1.0866169581970595)	(4.0, 0.5145537350156826)	(5.0, 0.35683514434278174)	(6.0, 0.23898639661563129)	(7.0, 0.1910664782991897)	(8.0, 0.15311522965513405)	(9.0, 0.12214131568652573)	('>10', 1.8344411338993334)	('>50', 1.0524908469193126)	('>100', 0.6029658276455205)	('>500', 0.16210955240122854)	('>1k', 0.11939881518796445)	('>5k', 0.01444765508752511)	('>10k+', 0.0)
trimmed_fastp | fastqc_results | Plasmid_Ko_P1_S61_L002_R2_filtered	(1.0, 86.51781422564187)	(2.0, 6.9917746252326705)	(3.0, 1.0882278833676804)	(4.0, 0.4704248973148912)	(5.0, 0.3407216944813786)	(6.0, 0.26689022127129264)	(7.0, 0.19499881868429694)	(8.0, 0.14005588093913968)	(9.0, 0.13911182084167223)	('>10', 1.845825244978803)	('>50', 1.0052157247334501)	('>100', 0.6581011454456203)	('>500', 0.1644495694531387)	('>1k', 0.12119984350387708)	('>5k', 0.022537015666425804)	('>10k+', 0.03265138844366627)
trimmed_fastp | fastqc_results | Plasmid_Ko_P2_S62_L002_R1_filtered	(1.0, 86.63344893612044)	(2.0, 6.96689791793101)	(3.0, 0.9705736341602054)	(4.0, 0.4575155697389474)	(5.0, 0.3287868575513052)	(6.0, 0.23094504999917376)	(7.0, 0.17903082448711213)	(8.0, 0.16209434855474336)	(9.0, 0.12412309543823113)	('>10', 1.805806931248409)	('>50', 1.103299023037749)	('>100', 0.6860501066245811)	('>500', 0.20713963587466236)	('>1k', 0.1305835625602591)	('>5k', 0.013704506673260406)	('>10k+', 0.0)
trimmed_fastp | fastqc_results | Plasmid_Ko_P2_S62_L002_R2_filtered	(1.0, 86.27893092974746)	(2.0, 7.073802034130382)	(3.0, 1.0380499329731288)	(4.0, 0.4942746292502434)	(5.0, 0.30967275952843426)	(6.0, 0.24084438114249684)	(7.0, 0.1969535638810875)	(8.0, 0.1550270321149696)	(9.0, 0.12107074021063538)	('>10', 1.8070860462824807)	('>50', 1.1484209511576728)	('>100', 0.7380094283535212)	('>500', 0.2079186398896832)	('>1k', 0.1372137454089042)	('>5k', 0.029453468750813883)	('>10k+', 0.02327171717808236)
trimmed_fastp | fastqc_results | Plasmid_Ko_P3_S63_L002_R1_filtered	(1.0, 87.35828282706062)	(2.0, 6.427745934131873)	(3.0, 0.9825783738292798)	(4.0, 0.4595461921597571)	(5.0, 0.3138341466066523)	(6.0, 0.2429830599428999)	(7.0, 0.20207856007361877)	(8.0, 0.15312969423710715)	(9.0, 0.13717900122586726)	('>10', 1.8593499540344387)	('>50', 0.9191405535591606)	('>100', 0.5889250815559703)	('>500', 0.23456872884065086)	('>1k', 0.10630661673881779)	('>5k', 0.014351276003249782)	('>10k+', 0.0)
trimmed_fastp | fastqc_results | Plasmid_Ko_P3_S63_L002_R2_filtered	(1.0, 86.9999997504431)	(2.0, 6.65254977828013)	(3.0, 1.0631794538206694)	(4.0, 0.45642815537926246)	(5.0, 0.2987628842540045)	(6.0, 0.24691734953175534)	(7.0, 0.1860230518648158)	(8.0, 0.14508448089472487)	(9.0, 0.11511976778485351)	('>10', 1.8553283546359691)	('>50', 1.0117918213970303)	('>100', 0.6038254231759849)	('>500', 0.20291224593676876)	('>1k', 0.10990947673259921)	('>5k', 0.02658649846396125)	('>10k+', 0.025581507404181254)
trimmed_fastp | fastqc_results | Plasmid_Ko_P4_S64_L002_R1_filtered	(1.0, 86.71792093970589)	(2.0, 6.940994500235378)	(3.0, 1.0225153342125703)	(4.0, 0.47451103434818165)	(5.0, 0.3228033524792423)	(6.0, 0.2299567341521737)	(7.0, 0.20704817077096638)	(8.0, 0.16710915928506728)	(9.0, 0.14715798174353117)	('>10', 1.7134103739727322)	('>50', 1.0619028940863684)	('>100', 0.6374529345582186)	('>500', 0.20401231632408154)	('>1k', 0.13483484076690552)	('>5k', 0.01836943335858746)	('>10k+', 0.0)
trimmed_fastp | fastqc_results | Plasmid_Ko_P4_S64_L002_R2_filtered	(1.0, 86.66763475820457)	(2.0, 6.913340528774301)	(3.0, 1.0871534565523302)	(4.0, 0.4454312733285285)	(5.0, 0.336712001939188)	(6.0, 0.25388979005608026)	(7.0, 0.18899752727360103)	(8.0, 0.1530624008938996)	(9.0, 0.1301077568885347)	('>10', 1.7357320458138068)	('>50', 1.0435394303102543)	('>100', 0.6752978709320294)	('>500', 0.19437454242910687)	('>1k', 0.12284032225119378)	('>5k', 0.029838629437437408)	('>10k+', 0.02204766491520578)
trimmed_fastp | fastqc_results | RNP_Cas1_S65_L002_R1_filtered	(1.0, 85.28112007936653)	(2.0, 7.913419761127491)	(3.0, 1.2432675804327153)	(4.0, 0.479486509542766)	(5.0, 0.3387464372063032)	(6.0, 0.26888537779913085)	(7.0, 0.19997916644844274)	(8.0, 0.15003267575716986)	(9.0, 0.1400755879014635)	('>10', 1.6399681184472332)	('>50', 1.0788382956231455)	('>100', 0.9446288877829513)	('>500', 0.16355666299534719)	('>1k', 0.11769047427591364)	('>5k', 0.026159409257908165)	('>10k+', 0.014144976035490505)
trimmed_fastp | fastqc_results | RNP_Cas1_S65_L002_R2_filtered	(1.0, 84.70191268400592)	(2.0, 8.479308446659415)	(3.0, 1.222843468822934)	(4.0, 0.5012777705616503)	(5.0, 0.3036604607543564)	(6.0, 0.22881793637200468)	(7.0, 0.20290396052869314)	(8.0, 0.172973860578057)	(9.0, 0.13702342427120284)	('>10', 1.624159199056182)	('>50', 1.0368479197090175)	('>100', 1.027413234590177)	('>500', 0.16628951415894544)	('>1k', 0.13506999649905668)	('>5k', 0.014015515587754584)	('>10k+', 0.04548260784470253)
trimmed_fastp | fastqc_results | RNP_Cas2_S66_L002_R1_filtered	(1.0, 85.72930057126837)	(2.0, 7.7158430767637745)	(3.0, 1.1210470390838772)	(4.0, 0.4553668831375879)	(5.0, 0.31167624091153173)	(6.0, 0.2218475120855573)	(7.0, 0.18793683321008367)	(8.0, 0.13500202195336364)	(9.0, 0.1210442896894442)	('>10', 1.6882850998272203)	('>50', 1.086960000429858)	('>100', 0.8197928300716848)	('>500', 0.15091981459461026)	('>1k', 0.23281151118246732)	('>5k', 0.02216627579040418)	('>10k+', 0.0)
trimmed_fastp | fastqc_results | RNP_Cas2_S66_L002_R2_filtered	(1.0, 85.23326663534901)	(2.0, 8.009635794612565)	(3.0, 1.1993730246475756)	(4.0, 0.4571596114269605)	(5.0, 0.35447309713612346)	(6.0, 0.25770756340527656)	(7.0, 0.18785286464479606)	(8.0, 0.14393783340178973)	(9.0, 0.10899120282476507)	('>10', 1.6513937504985907)	('>50', 1.0863160554218372)	('>100', 0.8343306702311601)	('>500', 0.16657102664254259)	('>1k', 0.2489574951189952)	('>5k', 0.01450564839658069)	('>10k+', 0.04552772624162511)
trimmed_fastp | fastqc_results | RNP_Cas3_S67_L002_R1_filtered	(1.0, 84.03022739422181)	(2.0, 9.032790264856345)	(3.0, 1.333986590649272)	(4.0, 0.5563189544261893)	(5.0, 0.37764531914956034)	(6.0, 0.255832611508711)	(7.0, 0.19492797489661862)	(8.0, 0.145987618650947)	(9.0, 0.12802557516102203)	('>10', 1.6776911128259877)	('>50', 1.04281949410942)	('>100', 0.8558758213397093)	('>500', 0.1307456081735309)	('>1k', 0.20375192260323116)	('>5k', 0.01959568294259476)	('>10k+', 0.013778054484942794)
trimmed_fastp | fastqc_results | RNP_Cas3_S67_L002_R2_filtered	(1.0, 83.69565796381126)	(2.0, 9.229881107714276)	(3.0, 1.3564306002083866)	(4.0, 0.5551069305091855)	(5.0, 0.3755030139388831)	(6.0, 0.27871060759026356)	(7.0, 0.22383140144577482)	(8.0, 0.17391856078762735)	(9.0, 0.1409741466950892)	('>10', 1.6802797151552795)	('>50', 0.9793429306053906)	('>100', 0.872981318876727)	('>500', 0.13554011220068135)	('>1k', 0.2418782665374055)	('>5k', 0.024436472139077556)	('>10k+', 0.03552685178484932)
trimmed_fastp | fastqc_results | RNP_Cas4_S68_L002_R1_filtered	(1.0, 84.53548492149133)	(2.0, 8.262589693402385)	(3.0, 1.1878676609748813)	(4.0, 0.4982609787469627)	(5.0, 0.334608028904144)	(6.0, 0.27876032311875004)	(7.0, 0.2208788950146116)	(8.0, 0.17895760362031501)	(9.0, 0.13200981397704634)	('>10', 1.6175710792739502)	('>50', 1.259366578353735)	('>100', 1.090548884356187)	('>500', 0.15994681017776172)	('>1k', 0.2067954690652398)	('>5k', 0.02250180471492996)	('>10k+', 0.013851454807823387)
trimmed_fastp | fastqc_results | RNP_Cas4_S68_L002_R2_filtered	(1.0, 84.05809636399928)	(2.0, 8.64932557918791)	(3.0, 1.2831851855004959)	(4.0, 0.48408920972745895)	(5.0, 0.33946723432933595)	(6.0, 0.26067220146600045)	(7.0, 0.23277985140381588)	(8.0, 0.18588213367975845)	(9.0, 0.1509513068071623)	('>10', 1.614369300014387)	('>50', 1.128583333396933)	('>100', 1.176444245311616)	('>500', 0.14210602501024863)	('>1k', 0.23056169053225326)	('>5k', 0.017284936138603175)	('>10k+', 0.046201403494784105)
trimmed_trimmomatic | fastqc_results | Control_MNP_III_S56_L002_R1_paired	(1.0, 86.4330890693462)	(2.0, 7.227709337017033)	(3.0, 1.0603083550575723)	(4.0, 0.47742048616874305)	(5.0, 0.3387180328736983)	(6.0, 0.21990076807285452)	(7.0, 0.20198580942505928)	(8.0, 0.15804908271438606)	(9.0, 0.11908230601424663)	('>10', 1.657381196332353)	('>50', 1.098026305841641)	('>100', 0.6700584160557104)	('>500', 0.1654470967639827)	('>1k', 0.1072616722715406)	('>5k', 0.0317009912321316)	('>10k+', 0.0338610748129457)
trimmed_trimmomatic | fastqc_results | Control_MNP_III_S56_L002_R1_unpaired	(1.0, 94.73011188070599)	(2.0, 1.670105521943559)	(3.0, 0.566184788128104)	(4.0, 0.32850920674929407)	(5.0, 0.16140986115238543)	(6.0, 0.1285456353160864)	(7.0, 0.06848294822701798)	(8.0, 0.032953893629002376)	(9.0, 0.022320180576880375)	('>10', 0.13369253169541287)	('>50', 0.022710954267840897)	('>100', 0.19880130701660526)	('>500', 0.10532223608897706)	('>1k', 0.9353121064846429)	('>5k', 0.8955369480182258)	('>10k+', 0.0)
trimmed_trimmomatic | fastqc_results | Control_MNP_III_S56_L002_R2_paired	(1.0, 85.88659659481844)	(2.0, 7.553308185465495)	(3.0, 1.075610809512322)	(4.0, 0.484658323535843)	(5.0, 0.3352002669476341)	(6.0, 0.21956009505893476)	(7.0, 0.17970860138029585)	(8.0, 0.1807759042948874)	(9.0, 0.14787313178037206)	('>10', 1.6751148250074055)	('>50', 1.0188294539751146)	('>100', 0.7281720409183711)	('>500', 0.20339667624165184)	('>1k', 0.10162995056920482)	('>5k', 0.026582846762964456)	('>10k+', 0.1829822937310093)
trimmed_trimmomatic | fastqc_results | Control_MNP_III_S56_L002_R2_unpaired	(1.0, 94.82682631076992)	(2.0, 0.5393378975695398)	(3.0, 0.11038996345765403)	(4.0, 0.041804476246977605)	(5.0, 0.030613466065354165)	(6.0, 0.013444057040327799)	(7.0, 0.015057710483849232)	(8.0, 0.007172669765254414)	(9.0, 0.015831420947535098)	('>10', 0.1315681265500873)	('>50', 0.0)	('>100', 0.07260904232697069)	('>500', 0.0)	('>1k', 0.0)	('>5k', 0.0)	('>10k+', 4.195344858776511)
trimmed_trimmomatic | fastqc_results | Control_MNP_II_S55_L002_R1_paired	(1.0, 86.64237783277378)	(2.0, 6.978904026473402)	(3.0, 1.0672705817232706)	(4.0, 0.46643037699460665)	(5.0, 0.3267313359799131)	(6.0, 0.23590008944464383)	(7.0, 0.19799505170553933)	(8.0, 0.15305714133295628)	(9.0, 0.14711349026838297)	('>10', 1.735947093814357)	('>50', 1.0181098531625952)	('>100', 0.6670821620394509)	('>500', 0.2039290468552422)	('>1k', 0.11090462537063404)	('>5k', 0.03529262630826008)	('>10k+', 0.012954665753024182)
trimmed_trimmomatic | fastqc_results | Control_MNP_II_S55_L002_R1_unpaired	(1.0, 95.6250514063932)	(2.0, 1.7023510898050382)	(3.0, 0.6095724764093028)	(4.0, 0.29664858746042916)	(5.0, 0.17413648186444267)	(6.0, 0.12138210819651506)	(7.0, 0.06464163771278071)	(8.0, 0.05677650536876218)	(9.0, 0.0313103921405688)	('>10', 0.11331043054089636)	('>50', 0.0365474454352781)	('>100', 0.1166071304136705)	('>500', 0.055926000466203496)	('>1k', 0.995738307792938)	('>5k', 0.0)	('>10k+', 0.0)
trimmed_trimmomatic | fastqc_results | Control_MNP_II_S55_L002_R2_paired	(1.0, 86.27192664518721)	(2.0, 7.184975916000691)	(3.0, 1.0424967013075517)	(4.0, 0.4945361739712129)	(5.0, 0.32018042777410793)	(6.0, 0.22651081477790794)	(7.0, 0.2236064966064637)	(8.0, 0.15478946097263077)	(9.0, 0.133871384768642)	('>10', 1.6958237835497654)	('>50', 1.0588897718308752)	('>100', 0.6708210223634584)	('>500', 0.17174608601141333)	('>1k', 0.12964350114571488)	('>5k', 0.023741004565012606)	('>10k+', 0.19644080916747828)
trimmed_trimmomatic | fastqc_results | Control_MNP_II_S55_L002_R2_unpaired	(1.0, 96.00654983966731)	(2.0, 0.5427459506406129)	(3.0, 0.07754729174203305)	(4.0, 0.02924046989317578)	(5.0, 0.02446116156573855)	(6.0, 0.019384838249375994)	(7.0, 0.024387957926878794)	(8.0, 0.02460706570217403)	(9.0, 0.018226659910597135)	('>10', 0.08207386550920928)	('>50', 0.04252458275746817)	('>100', 0.0)	('>500', 0.0)	('>1k', 0.0)	('>5k', 3.108250316435406)	('>10k+', 0.0)
trimmed_trimmomatic | fastqc_results | Control_MNP_I_S54_L002_R1_paired	(1.0, 86.92460061902618)	(2.0, 6.879204132952839)	(3.0, 1.0506254916326023)	(4.0, 0.4965520809990979)	(5.0, 0.3438294398224782)	(6.0, 0.23297896618884054)	(7.0, 0.18405802924481357)	(8.0, 0.14510456473772387)	(9.0, 0.14816679681480852)	('>10', 1.759170724751534)	('>50', 0.9807376140900459)	('>100', 0.5657904252866918)	('>500', 0.16517763344310618)	('>1k', 0.08221672046018552)	('>5k', 0.028271420987012973)	('>10k+', 0.013515339562027972)
trimmed_trimmomatic | fastqc_results | Control_MNP_I_S54_L002_R1_unpaired	(1.0, 95.84821539734556)	(2.0, 1.6443447281658925)	(3.0, 0.5511252283245481)	(4.0, 0.32434631901644667)	(5.0, 0.1593259874755837)	(6.0, 0.07675833319670043)	(7.0, 0.05354384624148276)	(8.0, 0.03876292023285924)	(9.0, 0.01742017425383809)	('>10', 0.09894563515173535)	('>50', 0.04080590378613065)	('>100', 0.09835908456273318)	('>500', 0.05588230081733732)	('>1k', 0.9921641414291549)	('>5k', 0.0)	('>10k+', 0.0)
trimmed_trimmomatic | fastqc_results | Control_MNP_I_S54_L002_R2_paired	(1.0, 86.51914589968729)	(2.0, 7.201979861448912)	(3.0, 1.0479321806369382)	(4.0, 0.47580097978065655)	(5.0, 0.3173295682552533)	(6.0, 0.21463390383134312)	(7.0, 0.19374835094540388)	(8.0, 0.1578591528714006)	(9.0, 0.13393492890021613)	('>10', 1.6990065927116615)	('>50', 1.0102703486495412)	('>100', 0.5809024904518116)	('>500', 0.1612699788476825)	('>1k', 0.07555013415117255)	('>5k', 0.031065001797640587)	('>10k+', 0.1795706270331277)
trimmed_trimmomatic | fastqc_results | Control_MNP_I_S54_L002_R2_unpaired	(1.0, 95.34548400072379)	(2.0, 0.5511256842902702)	(3.0, 0.08546016017922732)	(4.0, 0.03324310524026492)	(5.0, 0.01460661294264189)	(6.0, 0.0124975658100121)	(7.0, 0.014113215280186957)	(8.0, 0.015789697584058696)	(9.0, 0.017515780108156555)	('>10', 0.11037145720692278)	('>50', 0.03753115320015768)	('>100', 0.04983127903886482)	('>500', 0.0)	('>1k', 0.0)	('>5k', 0.0)	('>10k+', 3.7124302883954288)
trimmed_trimmomatic | fastqc_results | Only_MNP_C1_S57_L002_R1_paired	(1.0, 87.14564887177502)	(2.0, 6.4448032504631065)	(3.0, 0.9993994950148593)	(4.0, 0.4634644479227927)	(5.0, 0.32177158089826186)	(6.0, 0.2419360120132896)	(7.0, 0.19003432952479588)	(8.0, 0.16810515263463338)	(9.0, 0.12513390841570668)	('>10', 1.9021760022947483)	('>50', 1.0342397398434675)	('>100', 0.603615705405097)	('>500', 0.2077582209845203)	('>1k', 0.11976796088247048)	('>5k', 0.022213856794497902)	('>10k+', 0.00993146513274528)
trimmed_trimmomatic | fastqc_results | Only_MNP_C1_S57_L002_R1_unpaired	(1.0, 95.84293554566366)	(2.0, 1.6251650839096707)	(3.0, 0.5646288703656933)	(4.0, 0.2808054201337546)	(5.0, 0.13975248949340668)	(6.0, 0.08788678170181106)	(7.0, 0.047832188005592864)	(8.0, 0.02158536869196814)	(9.0, 0.03235625434758906)	('>10', 0.08993907940365997)	('>50', 0.04212488555791768)	('>100', 0.1521226968743809)	('>500', 0.14993911749340894)	('>1k', 0.922926218357488)	('>5k', 0.0)	('>10k+', 0.0)
trimmed_trimmomatic | fastqc_results | Only_MNP_C1_S57_L002_R2_paired	(1.0, 86.54343506656764)	(2.0, 6.809522880206541)	(3.0, 1.029608819150039)	(4.0, 0.49259797279807094)	(5.0, 0.33320065637423085)	(6.0, 0.21857333438122045)	(7.0, 0.20269486804418965)	(8.0, 0.15383709123334585)	(9.0, 0.10893324262454104)	('>10', 1.8464027014124085)	('>50', 1.0762405313147256)	('>100', 0.6615145317762964)	('>500', 0.205497843697099)	('>1k', 0.11664927073214885)	('>5k', 0.03035121903318614)	('>10k+', 0.1709399706541469)
trimmed_trimmomatic | fastqc_results | Only_MNP_C1_S57_L002_R2_unpaired	(1.0, 95.4977685787705)	(2.0, 0.5299174331051267)	(3.0, 0.08585264579723462)	(4.0, 0.037447206598379405)	(5.0, 0.023921882368159585)	(6.0, 0.01611089688127675)	(7.0, 0.02360790302955367)	(8.0, 0.017731150390610927)	(9.0, 0.02636262327987063)	('>10', 0.10336764334245002)	('>50', 0.027786849202027262)	('>100', 0.051965016689505525)	('>500', 0.0)	('>1k', 0.0)	('>5k', 3.558160170545309)	('>10k+', 0.0)
trimmed_trimmomatic | fastqc_results | Only_MNP_C2_S58_L002_R1_paired	(1.0, 86.61818712158474)	(2.0, 7.0214969791640325)	(3.0, 1.0434296709434752)	(4.0, 0.4794787715523649)	(5.0, 0.3267812494113345)	(6.0, 0.23194155558666874)	(7.0, 0.19003139689460705)	(8.0, 0.15208854381845024)	(9.0, 0.13313298927335368)	('>10', 1.9313403516946892)	('>50', 0.9142302909773504)	('>100', 0.5923330330527798)	('>500', 0.20920238250566495)	('>1k', 0.1270321573459253)	('>5k', 0.02929350619462509)	('>10k+', 0.0)
trimmed_trimmomatic | fastqc_results | Only_MNP_C2_S58_L002_R1_unpaired	(1.0, 96.91215171745965)	(2.0, 1.4814948438505202)	(3.0, 0.421318649486674)	(4.0, 0.17734838966947467)	(5.0, 0.10306385483369665)	(6.0, 0.043896527871204884)	(7.0, 0.02360655373539476)	(8.0, 0.03014579721716962)	(9.0, 0.010013705020799664)	('>10', 0.08374723973919225)	('>50', 0.02765634294428777)	('>100', 0.12393439688003359)	('>500', 0.11062537177715108)	('>1k', 0.4509966095146995)	('>5k', 0.0)	('>10k+', 0.0)
trimmed_trimmomatic | fastqc_results | Only_MNP_C2_S58_L002_R2_paired	(1.0, 86.3012075504958)	(2.0, 7.202084058633883)	(3.0, 1.0879942219189356)	(4.0, 0.47289166413279454)	(5.0, 0.33834866587614176)	(6.0, 0.2296540105820437)	(7.0, 0.15283366635948195)	(8.0, 0.1548961688979662)	(9.0, 0.1389649035955942)	('>10', 1.8700664016099575)	('>50', 0.9461449555029705)	('>100', 0.6286919316550922)	('>500', 0.18883685109712178)	('>1k', 0.12336241571384822)	('>5k', 0.03444273217683006)	('>10k+', 0.12957980175156084)
trimmed_trimmomatic | fastqc_results | Only_MNP_C2_S58_L002_R2_unpaired	(1.0, 97.12230591903386)	(2.0, 0.4341974519421982)	(3.0, 0.09929222804238105)	(4.0, 0.04428051926843434)	(5.0, 0.02658796012121291)	(6.0, 0.030428516372693053)	(7.0, 0.022145256620788006)	(8.0, 0.016549213446424443)	(9.0, 0.009192740193662018)	('>10', 0.06145415062295727)	('>50', 0.02127582219343456)	('>100', 0.0)	('>500', 0.0)	('>1k', 0.0)	('>5k', 2.1122902221419246)	('>10k+', 0.0)
trimmed_trimmomatic | fastqc_results | Only_MNP_C3_S59_L002_R1_paired	(1.0, 86.58127416185326)	(2.0, 6.817274795048553)	(3.0, 1.092091301532055)	(4.0, 0.4633810459376385)	(5.0, 0.3157083016988044)	(6.0, 0.24887248051005875)	(7.0, 0.1979799932005081)	(8.0, 0.1620502443275485)	(9.0, 0.14910749715019847)	('>10', 1.7495147583960449)	('>50', 1.0919064242748406)	('>100', 0.7430615366797894)	('>500', 0.1942965709330602)	('>1k', 0.16236694634721352)	('>5k', 0.0311139421103314)	('>10k+', 0.0)
trimmed_trimmomatic | fastqc_results | Only_MNP_C3_S59_L002_R1_unpaired	(1.0, 96.52452551362349)	(2.0, 1.505582056542532)	(3.0, 0.53555359692348)	(4.0, 0.23235270540439967)	(5.0, 0.1278842904992398)	(6.0, 0.07416981770274841)	(7.0, 0.05416169479821763)	(8.0, 0.03629610140464641)	(9.0, 0.02100530767211185)	('>10', 0.0820789341222091)	('>50', 0.035825726211741016)	('>100', 0.07538515093686446)	('>500', 0.1842846909105189)	('>1k', 0.5108944132478304)	('>5k', 0.0)	('>10k+', 0.0)
trimmed_trimmomatic | fastqc_results | Only_MNP_C3_S59_L002_R2_paired	(1.0, 86.1056233472145)	(2.0, 7.072815942516733)	(3.0, 1.1302827685447216)	(4.0, 0.4856035585742947)	(5.0, 0.3032531395364737)	(6.0, 0.2405069123536594)	(7.0, 0.19068769147677542)	(8.0, 0.15381148446774018)	(9.0, 0.12689674673413778)	('>10', 1.77006359130793)	('>50', 1.122596923242168)	('>100', 0.7432154334240423)	('>500', 0.19953791025327317)	('>1k', 0.17709030647866644)	('>5k', 0.02841414240532843)	('>10k+', 0.1496001014696662)
trimmed_trimmomatic | fastqc_results | Only_MNP_C3_S59_L002_R2_unpaired	(1.0, 96.30972688129306)	(2.0, 0.5518158622782343)	(3.0, 0.10608127164012039)	(4.0, 0.045924106402453826)	(5.0, 0.02473035876025204)	(6.0, 0.013079298989654119)	(7.0, 0.022232542400190694)	(8.0, 0.027711642102367207)	(9.0, 0.018482415746188488)	('>10', 0.08610988895570872)	('>50', 0.04853202336578951)	('>100', 0.0)	('>500', 0.0)	('>1k', 0.0)	('>5k', 2.745573708066009)	('>10k+', 0.0)
trimmed_trimmomatic | fastqc_results | Only_MNP_C4_S60_L002_R1_paired	(1.0, 86.96007759319968)	(2.0, 6.801056917871508)	(3.0, 1.0055074067284493)	(4.0, 0.44252827785868226)	(5.0, 0.31879349946965535)	(6.0, 0.23494601523385594)	(7.0, 0.19603684966612503)	(8.0, 0.14708906077980333)	(9.0, 0.12112388210136867)	('>10', 1.709013388388049)	('>50', 1.068751712952252)	('>100', 0.6683602210167413)	('>500', 0.19080531314961724)	('>1k', 0.09861049632468849)	('>5k', 0.02498345720637096)	('>10k+', 0.012315908053119095)
trimmed_trimmomatic | fastqc_results | Only_MNP_C4_S60_L002_R1_unpaired	(1.0, 95.71241600292613)	(2.0, 1.4424449629594063)	(3.0, 0.5555114501721777)	(4.0, 0.264964187013796)	(5.0, 0.14609303363723808)	(6.0, 0.08085588141185374)	(7.0, 0.048956402354643005)	(8.0, 0.032623045784175575)	(9.0, 0.02711359669693997)	('>10', 0.08426044576294649)	('>50', 0.045251144832305475)	('>100', 0.14869212761765166)	('>500', 0.07455042352242897)	('>1k', 0.9220710277774109)	('>5k', 0.41419626753086364)	('>10k+', 0.0)
trimmed_trimmomatic | fastqc_results | Only_MNP_C4_S60_L002_R2_paired	(1.0, 86.44714462205005)	(2.0, 7.0715788555993715)	(3.0, 1.0577911370466768)	(4.0, 0.4867277356963741)	(5.0, 0.3372598795090239)	(6.0, 0.2625339124897483)	(7.0, 0.19873044061695977)	(8.0, 0.1398688441756765)	(9.0, 0.11793876171502532)	('>10', 1.6671041804035083)	('>50', 1.0572484949993517)	('>100', 0.6698363645676673)	('>500', 0.19674988447452207)	('>1k', 0.09676773086576143)	('>5k', 0.030538517479226566)	('>10k+', 0.1621806383111049)
trimmed_trimmomatic | fastqc_results | Only_MNP_C4_S60_L002_R2_unpaired	(1.0, 95.68354582877897)	(2.0, 0.477560593956208)	(3.0, 0.08324658157004881)	(4.0, 0.0558029248303806)	(5.0, 0.023928285860023542)	(6.0, 0.016811069409594186)	(7.0, 0.018995493472808964)	(8.0, 0.01860393615489645)	(9.0, 0.014746365021183419)	('>10', 0.0992603180280049)	('>50', 0.04050671297359003)	('>100', 0.04369621793214042)	('>500', 0.0)	('>1k', 0.0)	('>5k', 0.0)	('>10k+', 3.42329567201214)
trimmed_trimmomatic | fastqc_results | Plasmid_Ko_P1_S61_L002_R1_paired	(1.0, 86.49552183418014)	(2.0, 6.981249023056031)	(3.0, 1.0843041167976237)	(4.0, 0.5193982378286215)	(5.0, 0.34973652908157793)	(6.0, 0.24191573461800397)	(7.0, 0.18501044788154994)	(8.0, 0.15407103453738982)	(9.0, 0.12410740390435175)	('>10', 1.8600805862533019)	('>50', 1.049082153601468)	('>100', 0.617281589820066)	('>500', 0.16530411014858057)	('>1k', 0.13142079351915636)	('>5k', 0.027896826388516486)	('>10k+', 0.013619578383666078)
trimmed_trimmomatic | fastqc_results | Plasmid_Ko_P1_S61_L002_R1_unpaired	(1.0, 95.73767412870008)	(2.0, 1.5868745933632717)	(3.0, 0.5453444160471114)	(4.0, 0.2635879252727917)	(5.0, 0.14271712754281587)	(6.0, 0.09563331088755642)	(7.0, 0.04219128334664748)	(8.0, 0.024461489081148906)	(9.0, 0.022694766981069647)	('>10', 0.1111355091595456)	('>50', 0.030957563823232795)	('>100', 0.1465840647030073)	('>500', 0.0636177936567434)	('>1k', 1.1865260274349552)	('>5k', 0.0)	('>10k+', 0.0)
trimmed_trimmomatic | fastqc_results | Plasmid_Ko_P1_S61_L002_R2_paired	(1.0, 86.30858881617075)	(2.0, 6.985052278682483)	(3.0, 1.0915457837168288)	(4.0, 0.4776827090782852)	(5.0, 0.3411978300660823)	(6.0, 0.26648179105189157)	(7.0, 0.1986943201756493)	(8.0, 0.14183937070383623)	(9.0, 0.14089760641876742)	('>10', 1.8661559726914019)	('>50', 1.0119288575598522)	('>100', 0.6685596390322275)	('>500', 0.16800757920043763)	('>1k', 0.13334161824028234)	('>5k', 0.030985807884563357)	('>10k+', 0.16904001932663923)
trimmed_trimmomatic | fastqc_results | Plasmid_Ko_P1_S61_L002_R2_unpaired	(1.0, 95.68194523327112)	(2.0, 0.5114765719133113)	(3.0, 0.07997534822533794)	(4.0, 0.03948739285273967)	(5.0, 0.03275223094208162)	(6.0, 0.022811368230664247)	(7.0, 0.00936014807883142)	(8.0, 0.010465681002840716)	(9.0, 0.005802164940630124)	('>10', 0.0869905340040311)	('>50', 0.017840362858017357)	('>100', 0.034741759249823284)	('>500', 0.0)	('>1k', 0.0)	('>5k', 0.0)	('>10k+', 3.4663512044305658)
trimmed_trimmomatic | fastqc_results | Plasmid_Ko_P2_S62_L002_R1_paired	(1.0, 86.54500242310765)	(2.0, 6.946440682948878)	(3.0, 0.9903315237389014)	(4.0, 0.46340970105325613)	(5.0, 0.33271283803278995)	(6.0, 0.22689730781431813)	(7.0, 0.18899200214994205)	(8.0, 0.15505701941363467)	(9.0, 0.12910038303640692)	('>10', 1.8336666050270944)	('>50', 1.112337093218603)	('>100', 0.6917719145059352)	('>500', 0.20738917478572375)	('>1k', 0.15171071963274207)	('>5k', 0.025180611534114567)	('>10k+', 0.0)
trimmed_trimmomatic | fastqc_results | Plasmid_Ko_P2_S62_L002_R1_unpaired	(1.0, 96.28862245386657)	(2.0, 1.6584304930420175)	(3.0, 0.6186329976703899)	(4.0, 0.3239599820637396)	(5.0, 0.15560913673290588)	(6.0, 0.09048641708398537)	(7.0, 0.050110619707865775)	(8.0, 0.039002781693181186)	(9.0, 0.035059873103723244)	('>10', 0.08779784734036815)	('>50', 0.021226659922588514)	('>100', 0.07264234729063625)	('>500', 0.1573917524630452)	('>1k', 0.4010266380189778)	('>5k', 0.0)	('>10k+', 0.0)
trimmed_trimmomatic | fastqc_results | Plasmid_Ko_P2_S62_L002_R2_paired	(1.0, 86.0434466816153)	(2.0, 7.076841369579047)	(3.0, 1.0455664031974712)	(4.0, 0.4925854068691918)	(5.0, 0.31223196811969645)	(6.0, 0.24948902726130343)	(7.0, 0.20166995346313304)	(8.0, 0.14682010369822723)	(9.0, 0.12589749108586)	('>10', 1.8295932916707829)	('>50', 1.1662074344367845)	('>100', 0.7705390971029769)	('>500', 0.20009199631168167)	('>1k', 0.15759761983584075)	('>5k', 0.030317243298900044)	('>10k+', 0.15110491245379196)
trimmed_trimmomatic | fastqc_results | Plasmid_Ko_P2_S62_L002_R2_unpaired	(1.0, 96.57269591681646)	(2.0, 0.46694131165198083)	(3.0, 0.09919034079468034)	(4.0, 0.04922772720482684)	(5.0, 0.030441659265569503)	(6.0, 0.023975802734822062)	(7.0, 0.014816877345020013)	(8.0, 0.005539665134326046)	(9.0, 0.024628492207075442)	('>10', 0.1129282509235913)	('>50', 0.022739098148015408)	('>100', 0.0)	('>500', 0.0)	('>1k', 0.0)	('>5k', 2.5768748577736282)	('>10k+', 0.0)
trimmed_trimmomatic | fastqc_results | Plasmid_Ko_P3_S63_L002_R1_paired	(1.0, 87.27259137326212)	(2.0, 6.426503550371783)	(3.0, 0.9873800715059617)	(4.0, 0.47543830577315305)	(5.0, 0.3117747441244318)	(6.0, 0.24193616569587384)	(7.0, 0.2050398843172111)	(8.0, 0.14909730196481863)	(9.0, 0.15016674733688712)	('>10', 1.8721565496852066)	('>50', 0.9230689584035439)	('>100', 0.600706802152701)	('>500', 0.23564046363644225)	('>1k', 0.12862920053396854)	('>5k', 0.019869881235876973)	('>10k+', 0.0)
trimmed_trimmomatic | fastqc_results | Plasmid_Ko_P3_S63_L002_R1_unpaired	(1.0, 96.53089941052103)	(2.0, 1.7552816857906586)	(3.0, 0.525209761593778)	(4.0, 0.2614939398062416)	(5.0, 0.14254231578248858)	(6.0, 0.07688912703263763)	(7.0, 0.05433962663265093)	(8.0, 0.04181271973158679)	(9.0, 0.02388703870658772)	('>10', 0.10027601854464012)	('>50', 0.026341822091978502)	('>100', 0.08384735913345022)	('>500', 0.04911187169690907)	('>1k', 0.3280673029353526)	('>5k', 0.0)	('>10k+', 0.0)
trimmed_trimmomatic | fastqc_results | Plasmid_Ko_P3_S63_L002_R2_paired	(1.0, 86.76971606041354)	(2.0, 6.656198928516793)	(3.0, 1.080633938499701)	(4.0, 0.4597796081725117)	(5.0, 0.2903629490210703)	(6.0, 0.2575534158487077)	(7.0, 0.18476457383229822)	(8.0, 0.14787951892854365)	(9.0, 0.12195664015524466)	('>10', 1.8829814336910753)	('>50', 0.9990462689745419)	('>100', 0.6321631134353437)	('>500', 0.21457064467342804)	('>1k', 0.12069379748860781)	('>5k', 0.03029248653432757)	('>10k+', 0.15140662181420955)
trimmed_trimmomatic | fastqc_results | Plasmid_Ko_P3_S63_L002_R2_unpaired	(1.0, 96.94577450612137)	(2.0, 0.5493971381650001)	(3.0, 0.09908222175344268)	(4.0, 0.06004299435131956)	(5.0, 0.03102040107161731)	(6.0, 0.013353066867440656)	(7.0, 0.02525380645102162)	(8.0, 0.01417934152048238)	(9.0, 0.01892844495783459)	('>10', 0.08494036427992045)	('>50', 0.017860487211833392)	('>100', 0.0)	('>500', 0.0)	('>1k', 0.0)	('>5k', 2.1401672272487278)	('>10k+', 0.0)
trimmed_trimmomatic | fastqc_results | Plasmid_Ko_P4_S64_L002_R1_paired	(1.0, 86.66371298086314)	(2.0, 6.907076572500544)	(3.0, 1.0333529716527903)	(4.0, 0.479438025512394)	(5.0, 0.32475621405153604)	(6.0, 0.23092392638047898)	(7.0, 0.21201941550665404)	(8.0, 0.1650845800231226)	(9.0, 0.14913912842746171)	('>10', 1.7443721184663707)	('>50', 1.0606434991165763)	('>100', 0.651794198091731)	('>500', 0.21061963992564178)	('>1k', 0.13819600440733293)	('>5k', 0.028870725074221483)	('>10k+', 0.0)
trimmed_trimmomatic | fastqc_results | Plasmid_Ko_P4_S64_L002_R1_unpaired	(1.0, 96.74610878842306)	(2.0, 1.5414983160327411)	(3.0, 0.5236695398699824)	(4.0, 0.25730131149076574)	(5.0, 0.14468502506907133)	(6.0, 0.10660219910373213)	(7.0, 0.05612370869953892)	(8.0, 0.017250574918388807)	(9.0, 0.020693760101197407)	('>10', 0.06894137864571648)	('>50', 0.022953346631796875)	('>100', 0.08869105628683277)	('>500', 0.055020522073277796)	('>1k', 0.3504604726538692)	('>5k', 0.0)	('>10k+', 0.0)
trimmed_trimmomatic | fastqc_results | Plasmid_Ko_P4_S64_L002_R2_paired	(1.0, 86.45104875064466)	(2.0, 6.927333753061532)	(3.0, 1.0857501403295156)	(4.0, 0.45183865419079744)	(5.0, 0.3372756741532002)	(6.0, 0.2565574058359244)	(7.0, 0.19374756361574266)	(8.0, 0.16285653351692927)	(9.0, 0.12594216747732465)	('>10', 1.7586407948960006)	('>50', 1.0473309268787943)	('>100', 0.6912811797366922)	('>500', 0.2002362322640822)	('>1k', 0.14575802635535334)	('>5k', 0.024190239240706356)	('>10k+', 0.1402119578028158)
trimmed_trimmomatic | fastqc_results | Plasmid_Ko_P4_S64_L002_R2_unpaired	(1.0, 96.29430627622821)	(2.0, 0.5372238646939493)	(3.0, 0.10697538783247443)	(4.0, 0.04483048654108434)	(5.0, 0.018472639073425046)	(6.0, 0.010539572730886099)	(7.0, 0.007142681740437035)	(8.0, 0.01864890690974591)	(9.0, 0.008867152695341544)	('>10', 0.19276663349004924)	('>50', 0.0)	('>100', 0.0)	('>500', 0.0)	('>1k', 0.0)	('>5k', 2.7602263980643893)	('>10k+', 0.0)
trimmed_trimmomatic | fastqc_results | RNP_Cas1_S65_L002_R1_paired	(1.0, 85.18375667839715)	(2.0, 7.913578917033099)	(3.0, 1.2338376230246042)	(4.0, 0.48730305378252387)	(5.0, 0.3476148433077713)	(6.0, 0.26978796716135117)	(7.0, 0.20790353530052244)	(8.0, 0.14897881675034266)	(9.0, 0.14202548936781556)	('>10', 1.6514803318898092)	('>50', 1.094758773342801)	('>100', 0.9494303427058655)	('>500', 0.16510915700786585)	('>1k', 0.1374167960557982)	('>5k', 0.03293082025693287)	('>10k+', 0.03408685461577435)
trimmed_trimmomatic | fastqc_results | RNP_Cas1_S65_L002_R1_unpaired	(1.0, 95.07608362538818)	(2.0, 1.6453465894902513)	(3.0, 0.7442389672221451)	(4.0, 0.4196095128673484)	(5.0, 0.2331135510749426)	(6.0, 0.15524263809793173)	(7.0, 0.09481389135083838)	(8.0, 0.06837917986665043)	(9.0, 0.047788449891957505)	('>10', 0.14567963344108398)	('>50', 0.007460886942760141)	('>100', 0.10261485245030569)	('>500', 0.03461705865793445)	('>1k', 0.9037524956767885)	('>5k', 0.32125866758086663)	('>10k+', 0.0)
trimmed_trimmomatic | fastqc_results | RNP_Cas1_S65_L002_R2_paired	(1.0, 84.4684976872496)	(2.0, 8.446285885406317)	(3.0, 1.2238008111232295)	(4.0, 0.5104136977626065)	(5.0, 0.30714471813189337)	(6.0, 0.23143033263308124)	(7.0, 0.20955186685142152)	(8.0, 0.17368464188764032)	(9.0, 0.13180321842624967)	('>10', 1.6595053124377521)	('>50', 1.0452733606049345)	('>100', 1.0449760592161934)	('>500', 0.17353343599375465)	('>1k', 0.15556206983870216)	('>5k', 0.013724988586530047)	('>10k+', 0.20481191384997688)
trimmed_trimmomatic | fastqc_results | RNP_Cas1_S65_L002_R2_unpaired	(1.0, 95.38190922078232)	(2.0, 0.5479093669471582)	(3.0, 0.112667506918207)	(4.0, 0.041670878894120716)	(5.0, 0.017810539665793476)	(6.0, 0.01268179870936503)	(7.0, 0.0100679785560188)	(8.0, 0.00444772288939952)	(9.0, 0.01464884115828392)	('>10', 0.13112356553572707)	('>50', 0.023643927104474313)	('>100', 0.03406759389246837)	('>500', 0.0)	('>1k', 0.0)	('>5k', 0.0)	('>10k+', 3.6673510589466884)
trimmed_trimmomatic | fastqc_results | RNP_Cas2_S66_L002_R1_paired	(1.0, 85.64882877910061)	(2.0, 7.720510310000438)	(3.0, 1.1228513752093487)	(4.0, 0.46127952877725636)	(5.0, 0.32061192629333957)	(6.0, 0.22180944380780593)	(7.0, 0.19490100081791503)	(8.0, 0.13897818630945794)	(9.0, 0.12002326848451236)	('>10', 1.7081239922269347)	('>50', 1.0795915253824073)	('>100', 0.8308298772766669)	('>500', 0.15366462071376716)	('>1k', 0.24293848020207962)	('>5k', 0.027029589524221482)	('>10k+', 0.008028095873290612)
trimmed_trimmomatic | fastqc_results | RNP_Cas2_S66_L002_R1_unpaired	(1.0, 96.4679321069001)	(2.0, 1.47407098752973)	(3.0, 0.48302270887205684)	(4.0, 0.286573337471652)	(5.0, 0.14609202696681217)	(6.0, 0.09332577442691074)	(7.0, 0.05133176608206787)	(8.0, 0.04170790611307785)	(9.0, 0.040498560528632356)	('>10', 0.11454293295598157)	('>50', 0.04180396285949421)	('>100', 0.063093670757584)	('>500', 0.21310856614544854)	('>1k', 0.48289569239044744)	('>5k', 0.0)	('>10k+', 0.0)
trimmed_trimmomatic | fastqc_results | RNP_Cas2_S66_L002_R2_paired	(1.0, 84.9778954321201)	(2.0, 8.007972521307655)	(3.0, 1.204307849259386)	(4.0, 0.4653511477037531)	(5.0, 0.361845527186676)	(6.0, 0.26425007206849577)	(7.0, 0.1905264373711822)	(8.0, 0.14668707048818522)	(9.0, 0.10281685808789726)	('>10', 1.6757244677746332)	('>50', 1.09373763536796)	('>100', 0.8514053981571257)	('>500', 0.16824662518963138)	('>1k', 0.26905613768382286)	('>5k', 0.02729953700323567)	('>10k+', 0.19287728323016845)
trimmed_trimmomatic | fastqc_results | RNP_Cas2_S66_L002_R2_unpaired	(1.0, 96.10850059427815)	(2.0, 0.5372624518770527)	(3.0, 0.1361977497714792)	(4.0, 0.04807711064242427)	(5.0, 0.023918198553234828)	(6.0, 0.015411510537790581)	(7.0, 0.017240408982447924)	(8.0, 0.014357471624638267)	(9.0, 0.021109542026892972)	('>10', 0.1115644645749197)	('>50', 0.0)	('>100', 0.029353298671072527)	('>500', 0.0)	('>1k', 0.0)	('>5k', 0.0)	('>10k+', 2.937007198459886)
trimmed_trimmomatic | fastqc_results | RNP_Cas3_S67_L002_R1_paired	(1.0, 83.96199020892672)	(2.0, 9.001768527307991)	(3.0, 1.3446602041248523)	(4.0, 0.5631806191392933)	(5.0, 0.3845501237516641)	(6.0, 0.2627674652368381)	(7.0, 0.18888664507108804)	(8.0, 0.15595081218170465)	(9.0, 0.12599611950270564)	('>10', 1.6914485142266873)	('>50', 1.0436307833507161)	('>100', 0.8716346961826523)	('>500', 0.13322454354979538)	('>1k', 0.2192148425727017)	('>5k', 0.028932348289102093)	('>10k+', 0.02216354658525769)
trimmed_trimmomatic | fastqc_results | RNP_Cas3_S67_L002_R1_unpaired	(1.0, 96.18078736702967)	(2.0, 1.4212922869756055)	(3.0, 0.4900378966167505)	(4.0, 0.266907490504312)	(5.0, 0.1376449370858341)	(6.0, 0.09115060510068503)	(7.0, 0.05589280021289436)	(8.0, 0.03675813219308304)	(9.0, 0.03281170505922808)	('>10', 0.15103252950352009)	('>50', 0.019430593349196522)	('>100', 0.12322764601805744)	('>500', 0.04925379198201591)	('>1k', 0.6278771540305155)	('>5k', 0.31589506433862913)	('>10k+', 0.0)
trimmed_trimmomatic | fastqc_results | RNP_Cas3_S67_L002_R2_paired	(1.0, 83.4925078510024)	(2.0, 9.220020045765821)	(3.0, 1.3736285053340191)	(4.0, 0.5673566735333815)	(5.0, 0.374023578722943)	(6.0, 0.2813459206247352)	(7.0, 0.22055026130214495)	(8.0, 0.17768840227057647)	(9.0, 0.13580062028179096)	('>10', 1.7112460281596162)	('>50', 0.9821198079580795)	('>100', 0.8871923956229494)	('>500', 0.1418556670203171)	('>1k', 0.253340266077889)	('>5k', 0.028355317427624153)	('>10k+', 0.1529686588956353)
trimmed_trimmomatic | fastqc_results | RNP_Cas3_S67_L002_R2_unpaired	(1.0, 96.69519182012901)	(2.0, 0.5801525452169745)	(3.0, 0.12922238267306238)	(4.0, 0.04467220868063472)	(5.0, 0.04338729329501571)	(6.0, 0.0164591437150659)	(7.0, 0.0126185794162261)	(8.0, 0.007863363552930339)	(9.0, 0.012809741707733515)	('>10', 0.12088656437950161)	('>50', 0.027610035428667173)	('>100', 0.0)	('>500', 0.0)	('>1k', 0.0)	('>5k', 0.0)	('>10k+', 2.309126321805172)
trimmed_trimmomatic | fastqc_results | RNP_Cas4_S68_L002_R1_paired	(1.0, 84.46616872843825)	(2.0, 8.278431773965604)	(3.0, 1.1827163889374872)	(4.0, 0.5041838256763848)	(5.0, 0.3385575334465818)	(6.0, 0.27972163216721296)	(7.0, 0.2228476762694427)	(8.0, 0.17993305858604136)	(9.0, 0.13199199249830298)	('>10', 1.6374581459700461)	('>50', 1.2613082247996261)	('>100', 1.0950532715450074)	('>500', 0.15796260015891986)	('>1k', 0.21663836415080318)	('>5k', 0.027023422513477117)	('>10k+', 0.020003360876867052)
trimmed_trimmomatic | fastqc_results | RNP_Cas4_S68_L002_R1_unpaired	(1.0, 95.8784332717927)	(2.0, 1.5146863245955893)	(3.0, 0.677450008633273)	(4.0, 0.4358159211469512)	(5.0, 0.2523363412151367)	(6.0, 0.16510378500901432)	(7.0, 0.09282111560348852)	(8.0, 0.05950759509000675)	(9.0, 0.05248191350202824)	('>10', 0.18792252018456845)	('>50', 0.015194585391334356)	('>100', 0.07253023309529619)	('>500', 0.1382179913702814)	('>1k', 0.4574983933703297)	('>5k', 0.0)	('>10k+', 0.0)
trimmed_trimmomatic | fastqc_results | RNP_Cas4_S68_L002_R2_paired	(1.0, 83.81595846955217)	(2.0, 8.632769043040398)	(3.0, 1.282021175317311)	(4.0, 0.502206935924486)	(5.0, 0.34687014202190763)	(6.0, 0.2632249738294166)	(7.0, 0.22939633569647283)	(8.0, 0.1845720052805041)	(9.0, 0.15369164920660583)	('>10', 1.64074508830583)	('>50', 1.1277040752476069)	('>100', 1.203738049305572)	('>500', 0.15103787407969613)	('>1k', 0.24251095582885676)	('>5k', 0.017027273837433562)	('>10k+', 0.2065259535257436)
trimmed_trimmomatic | fastqc_results | RNP_Cas4_S68_L002_R2_unpaired	(1.0, 96.42200588664754)	(2.0, 0.614854163020915)	(3.0, 0.13706335661242963)	(4.0, 0.05312685935459827)	(5.0, 0.03274968636257171)	(6.0, 0.02421636014710598)	(7.0, 0.02480536132729575)	(8.0, 0.0020938932655021293)	(9.0, 0.004572751356744054)	('>10', 0.16014381898685368)	('>50', 0.017886843235917965)	('>100', 0.0)	('>500', 0.0)	('>1k', 0.0)	('>5k', 0.0)	('>10k+', 2.5064810196825302)
