Sample	0	1	2	3	4	5	6	7	8	9	10	11	12	13	14	15	16	17	18	19	20	21	22	23	24	25	26	27	28	29	30	31	32	33	34	35
raw_fastq | fastqc_results | Control_MNP_III_S56_L002_R1_001 - illumina_universal_adapter	(1, 8.976499457097573e-06)	(2, 1.271670756422156e-05)	(3, 1.570887404992075e-05)	(4, 1.645691567134555e-05)	(5, 2.618145674986792e-05)	(6, 3.29138313426911e-05)	(7, 4.488249728548786e-05)	(8, 5.161487187831104e-05)	(9, 6.6575704306807e-05)	(10, 0.00015484461563493312)	(15, 0.0004492737978277335)	(20, 0.0010839123094445319)	(25, 0.002097059881502278)	(30, 0.0034592436741168347)	(35, 0.005136352989351231)	(40, 0.007116419161262671)	(45, 0.009321945077871544)	(50, 0.01185152262488164)	(55, 0.014615686024370553)	(60, 0.01777002793359464)	(65, 0.021112726723093493)	(70, 0.024820170607199075)	(75, 0.028773121751456278)	(80, 0.03300703732872063)	(85, 0.03756979200276332)	(90, 0.042225752662835556)	(95, 0.047147866531810724)	(100, 0.052324613768718886)	(105, 0.05783887738521393)	(110, 0.06401979569472274)	(115, 0.07104270965330732)	(120, 0.0793687121164139)	(125, 0.08933008317227933)	(130, 0.10191034794475304)	(135, 0.11780802769992141)	(140, 0.12923466268383374)
raw_fastq | fastqc_results | Control_MNP_III_S56_L002_R2_001 - illumina_universal_adapter	(1, 5.9843329713983815e-06)	(2, 1.1968665942796763e-05)	(3, 1.4212790807071157e-05)	(4, 1.8701040535619945e-05)	(5, 2.6929498371292716e-05)	(6, 3.36618729641159e-05)	(7, 4.189033079978867e-05)	(8, 5.011878863546145e-05)	(9, 6.73237459282318e-05)	(10, 0.00014706498277211523)	(15, 0.00044807693123345384)	(20, 0.0011443540724556556)	(25, 0.002375181756348018)	(30, 0.00406575582076806)	(35, 0.006110153572122032)	(40, 0.008545178658184034)	(45, 0.011236782020394739)	(50, 0.014275925519919411)	(55, 0.01748652015907464)	(60, 0.021028347628196775)	(65, 0.024717240080091022)	(70, 0.028685600881749575)	(75, 0.03285653135448996)	(80, 0.03726878005430199)	(85, 0.04197426106971254)	(90, 0.04673838854824278)	(95, 0.05180218150031581)	(100, 0.057044307574936504)	(105, 0.06262409963746837)	(110, 0.06888984586684674)	(115, 0.07601209975275654)	(120, 0.08438612648795857)	(125, 0.09439013591624526)	(130, 0.10702590537702865)	(135, 0.12299060966147668)	(140, 0.13443429999435752)
raw_fastq | fastqc_results | Control_MNP_II_S55_L002_R1_001 - illumina_universal_adapter	(1, 3.128135711665342e-06)	(2, 8.602373207079691e-06)	(3, 1.564067855832671e-05)	(4, 2.1896949981657394e-05)	(5, 3.362745890040243e-05)	(6, 4.144779817956578e-05)	(7, 5.161423924247814e-05)	(8, 5.4742374954143484e-05)	(9, 7.038305351247019e-05)	(10, 0.00013513546274394276)	(15, 0.0004266777110711527)	(20, 0.0010713864812453796)	(25, 0.0021097711307326897)	(30, 0.003529631930257588)	(35, 0.005352083795873817)	(40, 0.00756930638830221)	(45, 0.009994237191985184)	(50, 0.012691159395797458)	(55, 0.015621909744056717)	(60, 0.018947430819128145)	(65, 0.022621269805693504)	(70, 0.026590561210225655)	(75, 0.030917398526601157)	(80, 0.035513881141322215)	(85, 0.040367809325113316)	(90, 0.04532840693667223)	(95, 0.05037158733101908)	(100, 0.0555423956624019)	(105, 0.060744954571258114)	(110, 0.06600679165185039)	(115, 0.0713186789038293)	(120, 0.07695276413410976)	(125, 0.08293188273338689)	(130, 0.08922584819204313)	(135, 0.09625602039043982)	(140, 0.1008636078869373)
raw_fastq | fastqc_results | Control_MNP_II_S55_L002_R2_001 - illumina_universal_adapter	(1, 2.3461017837490063e-06)	(2, 7.03830535124702e-06)	(3, 1.3294576774577704e-05)	(4, 1.6422712486243045e-05)	(5, 2.6589153549155408e-05)	(6, 3.597356068415143e-05)	(7, 4.770406960289647e-05)	(8, 5.4742374954143484e-05)	(9, 6.881898565663753e-05)	(10, 0.00013200732703227744)	(15, 0.0004315263214242339)	(20, 0.0011610075693845915)	(25, 0.002516272366463601)	(30, 0.004412391828089548)	(35, 0.006840294360698604)	(40, 0.009703946197942641)	(45, 0.012783595806077172)	(50, 0.016179343527875485)	(55, 0.0198283138355331)	(60, 0.023787125985431177)	(65, 0.028034508654730377)	(70, 0.03250946319705323)	(75, 0.0372778368691303)	(80, 0.04229427170314243)	(85, 0.0474794694587989)	(90, 0.05274412186153167)	(95, 0.05805053487601517)	(100, 0.0634156004350924)	(105, 0.06882430348734735)	(110, 0.07432372247524062)	(115, 0.07986552770202693)	(120, 0.08566587334538239)	(125, 0.09179342198417804)	(130, 0.09821094880344508)	(135, 0.10540534812670418)	(140, 0.11014322247559252)
raw_fastq | fastqc_results | Control_MNP_I_S54_L002_R1_001 - illumina_universal_adapter	(1, 7.970590497769673e-06)	(2, 9.564708597323608e-06)	(3, 1.3550003846208444e-05)	(4, 1.833235814487025e-05)	(5, 2.6302948642639923e-05)	(6, 3.347648009063263e-05)	(7, 4.3041188687956234e-05)	(8, 5.4997074434610746e-05)	(9, 7.173531447992706e-05)	(10, 0.0001559047501363748)	(15, 0.000477278959006448)	(20, 0.001121462083036193)	(25, 0.002197332388425144)	(30, 0.0037152516428204004)	(35, 0.005609063945090474)	(40, 0.007790933387949945)	(45, 0.010274888210674887)	(50, 0.013135214316704513)	(55, 0.016179661063232615)	(60, 0.01952093259989766)	(65, 0.023131291271767412)	(70, 0.027147671823593556)	(75, 0.0314184736241085)	(80, 0.035850440764488345)	(85, 0.04053316268192803)	(90, 0.04535122522601985)	(95, 0.05032471428481816)	(100, 0.05537838748402404)	(105, 0.06048243481517583)	(110, 0.0657487633688622)	(115, 0.07125723846187085)	(120, 0.0770182218618488)	(125, 0.08315876478133057)	(130, 0.09000534260710476)	(135, 0.0977194395026562)	(140, 0.10281742918502967)
raw_fastq | fastqc_results | Control_MNP_I_S54_L002_R2_001 - illumina_universal_adapter	(1, 8.76764954754664e-06)	(2, 9.564708597323608e-06)	(3, 1.1158826696877543e-05)	(4, 1.514412194576238e-05)	(5, 2.3114712443532052e-05)	(6, 2.7897066742193858e-05)	(7, 3.586765723996353e-05)	(8, 4.6229424887064104e-05)	(9, 6.217060588260346e-05)	(10, 0.00014920945411824827)	(15, 0.000477278959006448)	(20, 0.0011900091613170122)	(25, 0.0025713124945804964)	(30, 0.00454371481915858)	(35, 0.006994193161792889)	(40, 0.009834592791578091)	(45, 0.013018843695437075)	(50, 0.01658058176527043)	(55, 0.02031767282605472)	(60, 0.02429611336711147)	(65, 0.028472543376132826)	(70, 0.03296142053266675)	(75, 0.037680169519156356)	(80, 0.0424873920601712)	(85, 0.04750886407376609)	(90, 0.05262040375998578)	(95, 0.05783524229905658)	(100, 0.06316836440111426)	(105, 0.0685623818145749)	(110, 0.07406814690681429)	(115, 0.07983757913271988)	(120, 0.08583098495161282)	(125, 0.09212408497322189)	(130, 0.09909117812732235)	(135, 0.10690331328599637)	(140, 0.11205135827669585)
raw_fastq | fastqc_results | Only_MNP_C1_S57_L002_R1_001 - illumina_universal_adapter	(1, 6.996819097355937e-06)	(2, 1.311903580754238e-05)	(3, 1.8366650130559332e-05)	(4, 2.273966206640679e-05)	(5, 3.2360288325271205e-05)	(6, 3.5858697873949175e-05)	(7, 4.8103131294322064e-05)	(8, 5.859835994035597e-05)	(9, 7.521580529657631e-05)	(10, 0.00015270557679979328)	(15, 0.0004726351300263935)	(20, 0.0010892298129808852)	(25, 0.002161317419173249)	(30, 0.003634147839166673)	(35, 0.005443700178220353)	(40, 0.007533824963078005)	(45, 0.009947552631188369)	(50, 0.012727738699522751)	(55, 0.0157564867662907)	(60, 0.019093619634774614)	(65, 0.022816976917432577)	(70, 0.026823880294010886)	(75, 0.031212809993304835)	(80, 0.03576511541852204)	(85, 0.040526275893795316)	(90, 0.0454536108226308)	(95, 0.050494818982275744)	(100, 0.05563485721167085)	(105, 0.06092900038168523)	(110, 0.06626897271678728)	(115, 0.07175063063861079)	(120, 0.07747525310358998)	(125, 0.08364399866077384)	(130, 0.0903835097358245)	(135, 0.09797995622982385)	(140, 0.1028978454528779)
raw_fastq | fastqc_results | Only_MNP_C1_S57_L002_R2_001 - illumina_universal_adapter	(1, 7.871421484525427e-06)	(2, 1.0495228646033905e-05)	(3, 1.5742842969050855e-05)	(4, 2.0115854904898317e-05)	(5, 2.9736481163762728e-05)	(6, 3.498409548677968e-05)	(7, 4.4604721745644094e-05)	(8, 5.422534800450851e-05)	(9, 6.996819097355936e-05)	(10, 0.00014535891674756957)	(15, 0.0004738595733684308)	(20, 0.0011651453001871972)	(25, 0.002501362827304747)	(30, 0.004397500802688206)	(35, 0.006731639653566146)	(40, 0.009449204190979192)	(45, 0.012558240756889303)	(50, 0.01604930364551505)	(55, 0.019797149795013753)	(60, 0.023800554762043385)	(65, 0.02807176298002432)	(70, 0.032511594538251525)	(75, 0.03731368640524434)	(80, 0.0422125092962581)	(85, 0.04727680695892432)	(90, 0.052470370854414194)	(95, 0.057724981996528514)	(100, 0.06313474760212669)	(105, 0.06858946777042538)	(110, 0.07414389261086138)	(115, 0.07979294942958913)	(120, 0.08569634062250578)	(125, 0.09196986354567253)	(130, 0.09881030373620256)	(135, 0.10650488061804234)	(140, 0.11148993930443099)
raw_fastq | fastqc_results | Only_MNP_C3_S59_L002_R1_001 - illumina_universal_adapter	(1, 1.777701052918597e-05)	(2, 2.1009194261765235e-05)	(3, 2.6665515793778954e-05)	(4, 2.9089653593213404e-05)	(5, 3.232183732579267e-05)	(6, 3.87862047909512e-05)	(7, 4.5250572256109736e-05)	(8, 5.090689378812346e-05)	(9, 6.141149091900607e-05)	(10, 0.00014059999236719811)	(15, 0.00043521353959179827)	(20, 0.0011113863764473809)	(25, 0.0022198637875354404)	(30, 0.0037364043948616326)	(35, 0.005611232568944237)	(40, 0.007831904402412822)	(45, 0.010396965412587727)	(50, 0.013181330089018136)	(55, 0.01628309520798783)	(60, 0.01970549295322939)	(65, 0.023430746314213623)	(70, 0.02730823552900234)	(75, 0.03156793047016856)	(80, 0.03605307022668218)	(85, 0.040714525605807995)	(90, 0.04552256051720628)	(95, 0.05042820737732846)	(100, 0.055312360215629)	(105, 0.0603464863791212)	(110, 0.06548614334148213)	(115, 0.07077932903114056)	(120, 0.07629327286973417)	(125, 0.0821338288745049)	(130, 0.08868465725450991)	(135, 0.09608587317455655)	(140, 0.10095321865744768)
raw_fastq | fastqc_results | Only_MNP_C3_S59_L002_R2_001 - illumina_universal_adapter	(1, 1.1312643064027434e-05)	(2, 1.6160918662896335e-05)	(3, 2.2625286128054868e-05)	(4, 2.6665515793778954e-05)	(5, 3.070574545950304e-05)	(6, 3.717011292466157e-05)	(7, 4.36344803898201e-05)	(8, 4.7674710055544186e-05)	(9, 5.817930718642681e-05)	(10, 0.00013478206164855544)	(15, 0.00044426365404302023)	(20, 0.001199140164786908)	(25, 0.0025778281359185944)	(30, 0.004525218834797602)	(35, 0.006880834339101373)	(40, 0.009648876487682256)	(45, 0.012829991717286774)	(50, 0.016260954749419663)	(55, 0.019983622363417837)	(60, 0.024034033407899544)	(65, 0.028348352254146347)	(70, 0.03275478833677166)	(75, 0.03742125360068298)	(80, 0.04228795264682758)	(85, 0.0473109277764424)	(90, 0.05240856635027978)	(95, 0.05753884997981623)	(100, 0.06266477016131368)	(105, 0.06791690711756837)	(110, 0.07334552130562186)	(115, 0.0789494814611678)	(120, 0.0847016372408525)	(125, 0.09075357806173392)	(130, 0.0974113917232873)	(135, 0.10497971154230831)	(140, 0.10993303311248603)
raw_fastq | fastqc_results | Only_MNP_C4_S60_L002_R1_001 - illumina_universal_adapter	(1, 4.104435186170326e-06)	(2, 7.387983335106586e-06)	(3, 1.1492418521276911e-05)	(4, 1.6417740744681304e-05)	(5, 1.970128889361756e-05)	(6, 2.2984837042553822e-05)	(7, 3.283548148936261e-05)	(8, 3.693991667553293e-05)	(9, 5.0074109271277975e-05)	(10, 0.00011935697521383308)	(15, 0.00041257782491384114)	(20, 0.0009747212680117289)	(25, 0.0019092190711989885)	(30, 0.00315171369075647)	(35, 0.004635877454075659)	(40, 0.006421963469689538)	(45, 0.008497001722409808)	(50, 0.010796634668517317)	(55, 0.013317578759863133)	(60, 0.016204145937593)	(65, 0.0194548586050399)	(70, 0.02291686759587084)	(75, 0.026670619839734778)	(80, 0.030692309612551906)	(85, 0.03499260844580628)	(90, 0.03937433927315427)	(95, 0.043906456605723544)	(100, 0.04867039243760772)	(105, 0.053576013372118494)	(110, 0.05868816948519736)	(115, 0.06409748670575496)	(120, 0.07011360362423598)	(125, 0.07698015951329149)	(130, 0.08494818162890766)	(135, 0.09457439555973664)	(140, 0.10131716168357725)
raw_fastq | fastqc_results | Only_MNP_C4_S60_L002_R2_001 - illumina_universal_adapter	(1, 5.746209260638456e-06)	(2, 9.029757409574716e-06)	(3, 1.3955079632979108e-05)	(4, 1.970128889361756e-05)	(5, 2.708927222872415e-05)	(6, 2.9551933340426344e-05)	(7, 3.693991667553293e-05)	(8, 4.022346482446919e-05)	(9, 5.41785444574483e-05)	(10, 0.00012526736188191834)	(15, 0.0004309656945478842)	(20, 0.001044004133954284)	(25, 0.002148753908663889)	(30, 0.00367872316866074)	(35, 0.005502241633172492)	(40, 0.007690890651845955)	(45, 0.010190655857631131)	(50, 0.012907956128283335)	(55, 0.01590846242678129)	(60, 0.019192174753124996)	(65, 0.02270852646582084)	(70, 0.02638692127966668)	(75, 0.03034802958913594)	(80, 0.0345255237216201)	(85, 0.0388988815011883)	(90, 0.043308194132987365)	(95, 0.04793996715187685)	(100, 0.05279337967081954)	(105, 0.05769785136347818)	(110, 0.06288224553583364)	(115, 0.06834393534936678)	(120, 0.07432311235117225)	(125, 0.08113483298614052)	(130, 0.08906788531397054)	(135, 0.09862711486256122)	(140, 0.10530831445860928)
raw_fastq | fastqc_results | Plasmid_Ko_P1_S61_L002_R2_001 - illumina_universal_adapter	(1, 3.974251744970739e-06)	(2, 7.948503489941478e-06)	(3, 1.112790488591807e-05)	(4, 1.4307306281894661e-05)	(5, 2.1460959422841993e-05)	(6, 2.4640360818818584e-05)	(7, 3.338371465775421e-05)	(8, 3.97425174497074e-05)	(9, 5.0075571986631315e-05)	(10, 0.00013130927765383325)	(15, 0.00041809128357092184)	(20, 0.001068119898978336)	(25, 0.0023325678341582267)	(30, 0.004109694244439343)	(35, 0.006439559587410988)	(40, 0.009094518723121241)	(45, 0.0120610591956372)	(50, 0.01531803798567562)	(55, 0.018823010084600213)	(60, 0.022571683300526415)	(65, 0.026538940362426)	(70, 0.03063114789918748)	(75, 0.03494273413227133)	(80, 0.039388809044405)	(85, 0.04390610254780854)	(90, 0.048487619959410796)	(95, 0.05329264928915023)	(100, 0.05811182695510175)	(105, 0.06287457024627469)	(110, 0.067884353025915)	(115, 0.0730174965797192)	(120, 0.07843710419930092)	(125, 0.0842512755321233)	(130, 0.09070212199448999)	(135, 0.09803270882312343)	(140, 0.1029394789975341)
raw_fastq | fastqc_results | Plasmid_Ko_P3_S63_L002_R1_001 - illumina_universal_adapter	(1, 5.39376682282161e-06)	(2, 8.98961137136935e-06)	(3, 8.98961137136935e-06)	(4, 1.3484417057054024e-05)	(5, 1.8878183879875635e-05)	(6, 2.337298956556031e-05)	(7, 2.9665717525518854e-05)	(8, 3.775636775975127e-05)	(9, 4.7644940268257555e-05)	(10, 0.00011686494782780154)	(15, 0.0004331194758725753)	(20, 0.0011607386202712104)	(25, 0.0023371191643286036)	(30, 0.0039498554443522646)	(35, 0.006105384458979207)	(40, 0.008585977820794868)	(45, 0.011466069511954178)	(50, 0.014735231583266357)	(55, 0.018230752068909614)	(60, 0.02203929082250395)	(65, 0.0262234155391941)	(70, 0.030697365326497205)	(75, 0.03553521458211333)	(80, 0.04055087835065514)	(85, 0.04578175341542755)	(90, 0.051233053751025916)	(95, 0.05680625321682007)	(100, 0.06246988817301018)	(105, 0.06823420677655963)	(110, 0.0741824528287673)	(115, 0.08020441369422021)	(120, 0.08649210747181077)	(125, 0.09323467558479263)	(130, 0.10047634692111296)	(135, 0.10828706065724092)	(140, 0.11349833836922373)
raw_fastq | fastqc_results | Plasmid_Ko_P3_S63_L002_R2_001 - illumina_universal_adapter	(1, 6.292727959958545e-06)	(2, 8.090650234232415e-06)	(3, 8.090650234232415e-06)	(4, 1.1686494782780154e-05)	(5, 1.7080261605601764e-05)	(6, 2.157506729128644e-05)	(7, 2.7867795251244986e-05)	(8, 3.416052321120353e-05)	(9, 4.584701799398369e-05)	(10, 0.0001134488955066812)	(15, 0.00043995158051481607)	(20, 0.0012729289701859)	(25, 0.0028108716835997687)	(30, 0.005041194264836504)	(35, 0.007959401908210423)	(40, 0.011306054429543804)	(45, 0.015112975053091296)	(50, 0.019346902216778834)	(55, 0.02381761574398824)	(60, 0.028524935842492084)	(65, 0.03347569461693261)	(70, 0.03864112531092144)	(75, 0.04410033650452662)	(80, 0.0496783903604613)	(85, 0.0553596449549393)	(90, 0.06125071707882507)	(95, 0.06723384282315364)	(100, 0.07322559859439874)	(105, 0.07926823556600579)	(110, 0.0856033944916372)	(115, 0.09200777342482816)	(120, 0.09859679897558704)	(125, 0.10559377309037868)	(130, 0.11311843739266965)	(135, 0.12117079188246005)	(140, 0.12648922576198957)
raw_fastq | fastqc_results | Plasmid_Ko_P4_S64_L002_R2_001 - illumina_universal_adapter	(1, 5.786475132796711e-06)	(2, 7.4397537421672e-06)	(3, 1.0746310960908178e-05)	(4, 1.4052868179649155e-05)	(5, 1.9839343312445866e-05)	(6, 2.8932375663983557e-05)	(7, 3.7198768710836e-05)	(8, 4.877171897642942e-05)	(9, 5.95180299373376e-05)	(10, 0.0001339155673590096)	(15, 0.00042224735683322285)	(20, 0.0010670260144877135)	(25, 0.002283012431679708)	(30, 0.0040768197228466885)	(35, 0.006292543715125018)	(40, 0.008870997034299232)	(45, 0.01168124001450719)	(50, 0.01477303634189094)	(55, 0.018196315030453474)	(60, 0.021911397393569905)	(65, 0.02589315359637779)	(70, 0.03005875438054767)	(75, 0.03440770376249674)	(80, 0.0389034642849579)	(85, 0.043704254710847934)	(90, 0.04859663677169708)	(95, 0.053536467928635166)	(100, 0.05860955334148852)	(105, 0.06373620498128546)	(110, 0.06894750448588217)	(115, 0.0741989786606866)	(120, 0.07963528938401865)	(125, 0.08526536436036891)	(130, 0.091413246197174)	(135, 0.09812390407260883)	(140, 0.10263222951250121)
raw_fastq | fastqc_results | RNP_Cas1_S65_L002_R2_001 - illumina_universal_adapter	(1, 9.486196843669108e-06)	(2, 1.0751023089491655e-05)	(3, 1.4545501826959299e-05)	(4, 1.7075154318604395e-05)	(5, 2.3399285547717132e-05)	(6, 2.7826177408096047e-05)	(7, 3.6679961128853885e-05)	(8, 4.363650548087789e-05)	(9, 5.8182007307837196e-05)	(10, 0.00013331268630969653)	(15, 0.000439906568297082)	(20, 0.0011431499609744187)	(25, 0.0024450356157995666)	(30, 0.004260187761179505)	(35, 0.006494629807049618)	(40, 0.009102195595437382)	(45, 0.01204658461308769)	(50, 0.015336777126345884)	(55, 0.01877761044548154)	(60, 0.022467993982917992)	(65, 0.026339880086629974)	(70, 0.030515324489339368)	(75, 0.034853046099387795)	(80, 0.03940781189321937)	(85, 0.04409272830774609)	(90, 0.048876048204197796)	(95, 0.05375283876021579)	(100, 0.05873018300277668)	(105, 0.06373623880111774)	(110, 0.06884816055623415)	(115, 0.07417624111676163)	(120, 0.07980800645891112)	(125, 0.08571272130490909)	(130, 0.09200131091651423)	(135, 0.09895659044229241)	(140, 0.10344760899333454)
raw_fastq | fastqc_results | RNP_Cas2_S66_L002_R2_001 - illumina_universal_adapter	(1, 6.894088062337061e-06)	(2, 9.651723287271885e-06)	(3, 1.5166993737141535e-05)	(4, 1.792462896207636e-05)	(5, 1.9992855380777478e-05)	(6, 2.4129308218179714e-05)	(7, 2.9644578668049363e-05)	(8, 3.6538666730386424e-05)	(9, 5.5842113304930195e-05)	(10, 0.00013981210590419563)	(15, 0.00046976316056764733)	(20, 0.0011735116699710146)	(25, 0.0024861460370399907)	(30, 0.004346860405064763)	(35, 0.006656242024186432)	(40, 0.00935582902763638)	(45, 0.012385780731033516)	(50, 0.015735204475239357)	(55, 0.019343294403544077)	(60, 0.023120151607614815)	(65, 0.02708632046987733)	(70, 0.031214776165127252)	(75, 0.035559292580250826)	(80, 0.04005754715916451)	(85, 0.04463315340613762)	(90, 0.04930155407842978)	(95, 0.054009802579722245)	(100, 0.058772928021990925)	(105, 0.06362457355498001)	(110, 0.06846560219235309)	(115, 0.07353468726282829)	(120, 0.07888449959920185)	(125, 0.08459321816010068)	(130, 0.09111778310229647)	(135, 0.09892340748823573)	(140, 0.1042882489365852)
raw_fastq | fastqc_results | RNP_Cas3_S67_L002_R1_001 - illumina_universal_adapter	(1, 7.834708293859695e-06)	(2, 1.1752062440789542e-05)	(3, 1.566941658771939e-05)	(4, 1.79079046716793e-05)	(5, 2.182525881860915e-05)	(6, 2.5182990944549017e-05)	(7, 3.4696565301378646e-05)	(8, 4.029278551127843e-05)	(9, 4.980635986810806e-05)	(10, 0.0001250195594891611)	(15, 0.00043292359543784713)	(20, 0.001076153146363728)	(25, 0.0021207436107436215)	(30, 0.003554159455307351)	(35, 0.00530823871789834)	(40, 0.007435809717298039)	(45, 0.009835245094494668)	(50, 0.01248818924719976)	(55, 0.01535949791249514)	(60, 0.018518676145387762)	(65, 0.02200601673138891)	(70, 0.02574921650538668)	(75, 0.029717384331822416)	(80, 0.033935927050449066)	(85, 0.03831877479443838)	(90, 0.042858316704304886)	(95, 0.04751392422132471)	(100, 0.05228951469964479)	(105, 0.05723780453364238)	(110, 0.06245247444963119)	(115, 0.06797325761110153)	(120, 0.07403217330795582)	(125, 0.08085374189501526)	(130, 0.0886811751026021)	(135, 0.09798220501585972)	(140, 0.10446016568203131)
raw_fastq | fastqc_results | RNP_Cas3_S67_L002_R2_001 - illumina_universal_adapter	(1, 8.95395233583965e-06)	(2, 1.231168446177952e-05)	(3, 1.510979456672941e-05)	(4, 1.9586770734649237e-05)	(5, 2.4063746902569063e-05)	(6, 2.742147902850893e-05)	(7, 3.58158093433586e-05)	(8, 4.029278551127843e-05)	(9, 4.980635986810806e-05)	(10, 0.00012401223985137916)	(15, 0.0004394152108813308)	(20, 0.0011340180633340915)	(25, 0.0024210367872068437)	(30, 0.004239360657807481)	(35, 0.006535042112312569)	(40, 0.009243500769499865)	(45, 0.0122905307493861)	(50, 0.01560629122375172)	(55, 0.019140304286303433)	(60, 0.022864141138374944)	(65, 0.026862976251560932)	(70, 0.031034622644828626)	(75, 0.03536128433791055)	(80, 0.03989198421984541)	(85, 0.04452822881493898)	(90, 0.04933650121928487)	(95, 0.05420957785366141)	(100, 0.05921797109271332)	(105, 0.06433067787647775)	(110, 0.06975285563784965)	(115, 0.07552099173259755)	(120, 0.08175383795357553)	(125, 0.08865476094321136)	(130, 0.09660452752458659)	(135, 0.10607008631201527)	(140, 0.11267541695016418)
raw_fastq | fastqc_results | RNP_Cas4_S68_L002_R2_001 - illumina_universal_adapter	(1, 4.881803840188001e-06)	(2, 9.1533822003525e-06)	(3, 1.15942841204465e-05)	(4, 1.40351860405405e-05)	(5, 1.8306764400705e-05)	(6, 2.440901920094e-05)	(7, 3.2952175921269e-05)	(8, 4.0274881681551005e-05)	(9, 4.82078129218565e-05)	(10, 0.00011582079610846031)	(15, 0.0004122683343038766)	(20, 0.0011038978933625115)	(25, 0.0023956231894762562)	(30, 0.0042239807727226675)	(35, 0.00650707838368259)	(40, 0.009204152960290455)	(45, 0.012168994477532632)	(50, 0.015452495740443082)	(55, 0.019031346135684905)	(60, 0.022889557755681487)	(65, 0.026942309258709562)	(70, 0.03122328509126642)	(75, 0.03572748140441588)	(80, 0.04044855185316569)	(85, 0.04530045464483254)	(90, 0.05021582088642183)	(95, 0.05527056262764849)	(100, 0.060447471509975856)	(105, 0.06566611981513683)	(110, 0.07089990171220238)	(115, 0.07645429607647228)	(120, 0.08214330618163537)	(125, 0.08820296724336472)	(130, 0.09478302859445813)	(135, 0.10202103505811286)	(140, 0.1067424716421507)
trimmed_trimmomatic | fastqc_results | Control_MNP_III_S56_L002_R1_paired - illumina_universal_adapter	(1, 6.825386478977639e-06)	(2, 9.858891580745479e-06)	(3, 1.2892396682513319e-05)	(4, 1.3650772957955278e-05)	(5, 2.3509664538700755e-05)	(6, 2.9576674742236435e-05)	(7, 3.9435566322981916e-05)	(8, 4.626095280195955e-05)	(9, 6.142847831079875e-05)	(10, 0.0001475800232010054)	(15, 0.00042999934817559125)	(20, 0.001026993152203502)	(25, 0.0019666213574760904)	(30, 0.003249338989758621)	(35, 0.004877117827367244)	(40, 0.0068173476904579535)	(45, 0.00899373592572129)	(50, 0.011498501088250996)	(55, 0.014242154777544919)	(60, 0.01738122585685428)	(65, 0.020713834561656423)	(70, 0.02441000885290545)	(75, 0.028348408526530637)	(80, 0.03256452559222267)	(85, 0.037112963141813365)	(90, 0.041737541669458436)	(95, 0.0466327088521812)	(100, 0.05175811907212814)	(105, 0.057223130188217994)	(110, 0.06335627080297221)	(115, 0.07034273640285373)	(120, 0.0786152564906297)	(125, 0.08852313917876875)	(130, 0.10104453818733586)	(135, 0.11689050711218543)	(140, 0.12819895910581067)
trimmed_trimmomatic | fastqc_results | Control_MNP_III_S56_L002_R2_paired - illumina_universal_adapter	(1, 5.308633928093719e-06)	(2, 1.0617267856187438e-05)	(3, 1.2892396682513319e-05)	(4, 1.7442654335165078e-05)	(5, 2.5784793365026638e-05)	(6, 3.261017984400427e-05)	(7, 3.867719004753996e-05)	(8, 4.701932907740151e-05)	(9, 6.370360713712463e-05)	(10, 0.00014166468825255809)	(15, 0.0004249940647576743)	(20, 0.001054749723884678)	(25, 0.002115111432207626)	(30, 0.00357771591702499)	(35, 0.005449843590581012)	(40, 0.007726792519967954)	(45, 0.010312248918204682)	(50, 0.013286752345743136)	(55, 0.01645691685234562)	(60, 0.019956823363510262)	(65, 0.023606888377212417)	(70, 0.027523901839870135)	(75, 0.03164840705148878)	(80, 0.036017412774309907)	(85, 0.04068749387848151)	(90, 0.04541278477550527)	(95, 0.05043854435285914)	(100, 0.055636303669483245)	(105, 0.06115652457842526)	(110, 0.06737490668653916)	(115, 0.07445434921778984)	(120, 0.08278056234586714)	(125, 0.09271771835823822)	(130, 0.10530721955634004)	(135, 0.12124783384036475)	(140, 0.13262105116791273)
trimmed_trimmomatic | fastqc_results | Control_MNP_III_S56_L002_R2_unpaired - illumina_universal_adapter	(1, 0.00028248188584906994)	(2, 0.0005649637716981399)	(3, 0.0005649637716981399)	(4, 0.0005649637716981399)	(5, 0.0005649637716981399)	(6, 0.0005649637716981399)	(7, 0.0011299275433962798)	(8, 0.0011299275433962798)	(9, 0.0011299275433962798)	(10, 0.0011299275433962798)	(15, 0.0025988333498114433)	(20, 0.010508326153585401)	(25, 0.031186000197737325)	(30, 0.06824762362113529)	(35, 0.11310574709396759)	(40, 0.1636135082837813)	(45, 0.19389556644680161)	(50, 0.21084447959774583)	(55, 0.21869747602434994)	(60, 0.22677645795963333)	(65, 0.2329910594483129)	(70, 0.23965763195435094)	(75, 0.24655018996906822)	(80, 0.252708295080578)	(85, 0.2567195378596347)	(90, 0.2620301973135972)	(95, 0.2661544328469937)	(100, 0.2721430488269939)	(105, 0.2783576503156735)	(110, 0.28332933150661715)	(115, 0.2895439329952966)	(120, 0.2947980960720894)	(125, 0.3029335743845426)	(130, 0.31327241140661855)	(135, 0.3255321252524682)	(140, 0.33389358907360067)
trimmed_trimmomatic | fastqc_results | Control_MNP_II_S55_L002_R2_paired - illumina_universal_adapter	(1, 1.586647636626466e-06)	(2, 6.346590546505864e-06)	(3, 1.1106533456385262e-05)	(4, 1.4279828729638194e-05)	(5, 2.379971454939699e-05)	(6, 3.173295273252932e-05)	(7, 4.283948618891458e-05)	(8, 4.997940055373368e-05)	(9, 6.346590546505863e-05)	(10, 0.00012233053278390052)	(15, 0.00039301261959237565)	(20, 0.0010386195429356846)	(25, 0.0021597447629759453)	(30, 0.003760037569277399)	(35, 0.0059377114505472246)	(40, 0.008593600929496265)	(45, 0.0115404815850026)	(50, 0.014845309947331867)	(55, 0.018425421674615822)	(60, 0.022332224150281167)	(65, 0.026528431154867187)	(70, 0.030953274083891074)	(75, 0.03566910818947226)	(80, 0.04063420463876745)	(85, 0.045766216419435755)	(90, 0.05097295930378918)	(95, 0.056233172213496885)	(100, 0.06153812858655748)	(105, 0.06688148183242444)	(110, 0.07229480623906662)	(115, 0.07776572595491833)	(120, 0.08348717733259337)	(125, 0.08951691434606493)	(130, 0.0958384358599121)	(135, 0.10292535619366787)	(140, 0.10753425024854042)
trimmed_trimmomatic | fastqc_results | Control_MNP_II_S55_L002_R2_unpaired - illumina_universal_adapter	(1, 0.00033188300460321727)	(2, 0.00033188300460321727)	(3, 0.00033188300460321727)	(4, 0.00033188300460321727)	(5, 0.00033188300460321727)	(6, 0.0006637660092064345)	(7, 0.0006637660092064345)	(8, 0.0006637660092064345)	(9, 0.0006637660092064345)	(10, 0.0011947788165715823)	(15, 0.004115349257079895)	(20, 0.014470099000700273)	(25, 0.05535808516781664)	(30, 0.11038428733103008)	(35, 0.1841950675547856)	(40, 0.25926700319603335)	(45, 0.3075227920653411)	(50, 0.3311528619930902)	(55, 0.33958269031001187)	(60, 0.34980468685179095)	(65, 0.35909741098068104)	(70, 0.3677927457012854)	(75, 0.37529330160531804)	(80, 0.38266110430750955)	(85, 0.39055991981706606)	(90, 0.39859148852846393)	(95, 0.4046317592122425)	(100, 0.4104729000932591)	(105, 0.417376066589006)	(110, 0.42308445426818136)	(115, 0.4291247249519599)	(120, 0.43463398282837334)	(125, 0.43994411090202484)	(130, 0.4467809007968511)	(135, 0.4537504438935186)	(140, 0.4570028973386302)
trimmed_trimmomatic | fastqc_results | Control_MNP_I_S54_L002_R1_paired - illumina_universal_adapter	(1, 5.656380995723453e-06)	(2, 7.2724898516444396e-06)	(3, 1.1312761991446906e-05)	(4, 1.6161088559209865e-05)	(5, 2.42416328388148e-05)	(6, 3.1514122690459236e-05)	(7, 3.959466697006417e-05)	(8, 5.090742896151107e-05)	(9, 6.787657194868143e-05)	(10, 0.00015078295625742803)	(15, 0.0004529953123146526)	(20, 0.0010507939781198255)	(25, 0.002046317033367153)	(30, 0.003485138747793608)	(35, 0.005330250228598598)	(40, 0.0074774124545752205)	(45, 0.009942463292511501)	(50, 0.012795057034097635)	(55, 0.015825745971606263)	(60, 0.019146526448752702)	(65, 0.022737681937494727)	(70, 0.026728824368077192)	(75, 0.030965130512102878)	(80, 0.03537371386016974)	(85, 0.04002875380876454)	(90, 0.044814213742032184)	(95, 0.04974787085738777)	(100, 0.0547523135406327)	(105, 0.0598002295521019)	(110, 0.0649994133524853)	(115, 0.07043955898328652)	(120, 0.07612777732347162)	(125, 0.08217105477930256)	(130, 0.08893430873044629)	(135, 0.09654828238334684)	(140, 0.10153203887323597)
trimmed_trimmomatic | fastqc_results | Control_MNP_I_S54_L002_R2_paired - illumina_universal_adapter	(1, 6.464435423683946e-06)	(2, 7.2724898516444396e-06)	(3, 8.888598707565426e-06)	(4, 1.2928870847367892e-05)	(5, 2.1009415126972824e-05)	(6, 2.5857741694735783e-05)	(7, 3.070606826249874e-05)	(8, 4.040272139802466e-05)	(9, 5.656380995723453e-05)	(10, 0.0001417327466642705)	(15, 0.00044636926600537653)	(20, 0.0010766517198145611)	(25, 0.002209544027815173)	(30, 0.003879307697752736)	(35, 0.0060757612438349495)	(40, 0.008672848175299973)	(45, 0.011699335229783206)	(50, 0.015182211425178522)	(55, 0.018863222566309755)	(60, 0.022780670433062228)	(65, 0.026901748015660743)	(70, 0.03132600761963004)	(75, 0.035971835747746095)	(80, 0.040708004360908136)	(85, 0.045644732083089966)	(90, 0.05068456755027957)	(95, 0.055843995072807316)	(100, 0.06110572228591486)	(105, 0.06642207397835255)	(110, 0.07184169502668356)	(115, 0.07752910531244073)	(120, 0.08342951874540823)	(125, 0.08962163982686948)	(130, 0.09649769817615653)	(135, 0.10420863836041232)	(140, 0.10924249422483501)
trimmed_trimmomatic | fastqc_results | Control_MNP_I_S54_L002_R2_unpaired - illumina_universal_adapter	(1, 0.0006350415952244872)	(2, 0.0006350415952244872)	(3, 0.0006350415952244872)	(4, 0.0006350415952244872)	(5, 0.0006350415952244872)	(6, 0.0006350415952244872)	(7, 0.0006350415952244872)	(8, 0.0009525623928367308)	(9, 0.0009525623928367308)	(10, 0.0009525623928367309)	(15, 0.002032133104718359)	(20, 0.010795707118816283)	(25, 0.0471835905251794)	(30, 0.10535340064774243)	(35, 0.1787007048961707)	(40, 0.2629072204229377)	(45, 0.31555216866704766)	(50, 0.33847717025465174)	(55, 0.3471772401092271)	(60, 0.35594081412332507)	(65, 0.36324379246840666)	(70, 0.37092779577062296)	(75, 0.37950085730615357)	(80, 0.38693084397028005)	(85, 0.3955039055058106)	(90, 0.40267987553184736)	(95, 0.4097923413983616)	(100, 0.4166507906267861)	(105, 0.42414428145043503)	(110, 0.42865307677652886)	(115, 0.4321458055502635)	(120, 0.43976630469295735)	(125, 0.4458627040071124)	(130, 0.4512605575665206)	(135, 0.45722994856163074)	(140, 0.46262780212103893)
trimmed_trimmomatic | fastqc_results | Only_MNP_C1_S57_L002_R1_paired - illumina_universal_adapter	(1, 6.2020234721780324e-06)	(2, 1.2404046944356065e-05)	(3, 1.772006706336581e-05)	(4, 2.215008382920726e-05)	(5, 3.0124114007721874e-05)	(6, 3.366812742039503e-05)	(7, 4.430016765841452e-05)	(8, 5.4932207896434004e-05)	(9, 6.999426490029494e-05)	(10, 0.00014530454991959962)	(15, 0.0004493809007269569)	(20, 0.001023511073580009)	(25, 0.0020213280499181375)	(30, 0.0034095181036622154)	(35, 0.005163095940252896)	(40, 0.007233508575936557)	(45, 0.009633160057657554)	(50, 0.012391465696741075)	(55, 0.015399801482088688)	(60, 0.01871841564171584)	(65, 0.02241429002912204)	(70, 0.026401127917708718)	(75, 0.030761150418649873)	(80, 0.03528224832919703)	(85, 0.0400193538572466)	(90, 0.04489963752716818)	(95, 0.0498901400142239)	(100, 0.0549701288399496)	(105, 0.0601885113894402)	(110, 0.06545066250457732)	(115, 0.0708448281193365)	(120, 0.07649168189041929)	(125, 0.08258330934479255)	(130, 0.08923595412239196)	(135, 0.09673845331635042)	(140, 0.10155281833679627)
trimmed_trimmomatic | fastqc_results | Only_MNP_C1_S57_L002_R2_paired - illumina_universal_adapter	(1, 7.974030178514613e-06)	(2, 1.0632040238019486e-05)	(3, 1.5948060357029227e-05)	(4, 2.0378077122870678e-05)	(5, 2.835210730138529e-05)	(6, 3.366812742039503e-05)	(7, 4.252816095207794e-05)	(8, 5.227419783692913e-05)	(9, 6.733625484079007e-05)	(10, 0.0001399885298005899)	(15, 0.00044902649938568953)	(20, 0.0010594828097186418)	(25, 0.002174606630016252)	(30, 0.0037928031542428173)	(35, 0.005890504693204063)	(40, 0.008394527369928285)	(45, 0.011352715365486571)	(50, 0.014741678191355283)	(55, 0.01842692053852347)	(60, 0.022354219001777233)	(65, 0.026556532905854434)	(70, 0.030943312708061277)	(75, 0.035693708286408374)	(80, 0.04054014662823893)	(85, 0.04554659717565167)	(90, 0.05067761979451988)	(95, 0.05587137145079239)	(100, 0.06122974253008358)	(105, 0.06661327610460474)	(110, 0.07208168880035944)	(115, 0.07765695350050622)	(120, 0.0834974876045916)	(125, 0.08968657542781336)	(130, 0.09643207335682483)	(135, 0.10402317288610012)	(140, 0.10887918006414488)
trimmed_trimmomatic | fastqc_results | Only_MNP_C1_S57_L002_R2_unpaired - illumina_universal_adapter	(1, 0.0)	(2, 0.0)	(3, 0.0)	(4, 0.0)	(5, 0.0)	(6, 0.0)	(7, 0.0)	(8, 0.0)	(9, 0.0)	(10, 0.0)	(15, 0.0012286921295041504)	(20, 0.010624573119830007)	(25, 0.04358243259358839)	(30, 0.09887357842127517)	(35, 0.16493384938402772)	(40, 0.23402971266673173)	(45, 0.28108139362597884)	(50, 0.30999179667313537)	(55, 0.32162823389961587)	(60, 0.33196370298897426)	(65, 0.3404199958802675)	(70, 0.34887628877156085)	(75, 0.35501974941908154)	(80, 0.36116321006660235)	(85, 0.36759577474459465)	(90, 0.37366695938449745)	(95, 0.37829262387204254)	(100, 0.3839301524662381)	(105, 0.3887726449766367)	(110, 0.3949161056241575)	(115, 0.39983087414217416)	(120, 0.40351695053068654)	(125, 0.4084317190487032)	(130, 0.41378014361242715)	(135, 0.4208631923589805)	(140, 0.4246215447551108)
trimmed_trimmomatic | fastqc_results | Only_MNP_C2_S58_L002_R2_unpaired - illumina_universal_adapter	(1, 0.00033337000403377704)	(2, 0.00033337000403377704)	(3, 0.00033337000403377704)	(4, 0.00033337000403377704)	(5, 0.00033337000403377704)	(6, 0.00033337000403377704)	(7, 0.00033337000403377704)	(8, 0.00033337000403377704)	(9, 0.00033337000403377704)	(10, 0.001000110012101331)	(15, 0.0034670480419512818)	(20, 0.014734954178292944)	(25, 0.04780525857844362)	(30, 0.0968773231722156)	(35, 0.157283967903136)	(40, 0.22195774868568874)	(45, 0.26816283124477025)	(50, 0.2917654275303617)	(55, 0.30370007367477087)	(60, 0.3123676937796491)	(65, 0.3206352698796867)	(70, 0.33010297799424604)	(75, 0.33590361606443375)	(80, 0.3425043421443026)	(85, 0.3493050902265916)	(90, 0.35530575029919953)	(95, 0.36037297436051297)	(100, 0.36717372244280205)	(105, 0.3728410125113763)	(110, 0.3776415405694627)	(115, 0.3814419586154477)	(120, 0.3851090286598192)	(125, 0.390109578720326)	(130, 0.3940433447679245)	(135, 0.3979104368147163)	(140, 0.4023775948687689)
trimmed_trimmomatic | fastqc_results | Only_MNP_C3_S59_L002_R2_paired - illumina_universal_adapter	(1, 7.36384514203495e-06)	(2, 1.2273075236724917e-05)	(3, 1.8000510347196544e-05)	(4, 2.1273330410323187e-05)	(5, 2.5364355489231493e-05)	(6, 3.190999561548478e-05)	(7, 3.681922571017475e-05)	(8, 4.0910250789083056e-05)	(9, 4.9910505962681327e-05)	(10, 0.00012273075236724916)	(15, 0.0004125389689571135)	(20, 0.0010677575455950677)	(25, 0.002213080926686237)	(30, 0.003854072906337936)	(35, 0.0059776422042976595)	(40, 0.008567915643259243)	(45, 0.011614583840023836)	(50, 0.014961696918583452)	(55, 0.01861776421110223)	(60, 0.022606022740028358)	(65, 0.026846942977827866)	(70, 0.031200448225798927)	(75, 0.03581299718176646)	(80, 0.0406309155966952)	(85, 0.0456044566056256)	(90, 0.050643781297824854)	(95, 0.055710761319557524)	(100, 0.06076023175395247)	(105, 0.06593603304278409)	(110, 0.07128823933301824)	(115, 0.07681095954854131)	(120, 0.08246099246452)	(125, 0.08840541554517692)	(130, 0.09495383756848386)	(135, 0.10239377577698652)	(140, 0.10718240245235025)
trimmed_trimmomatic | fastqc_results | Only_MNP_C3_S59_L002_R2_unpaired - illumina_universal_adapter	(1, 0.001682227268904029)	(2, 0.001682227268904029)	(3, 0.001682227268904029)	(4, 0.001682227268904029)	(5, 0.001682227268904029)	(6, 0.001682227268904029)	(7, 0.001682227268904029)	(8, 0.001682227268904029)	(9, 0.0020186727226848347)	(10, 0.002556985448734124)	(15, 0.0049121036251997645)	(20, 0.016687694507527967)	(25, 0.05706114896122466)	(30, 0.1228025906299941)	(35, 0.19096643956598533)	(40, 0.25354529396921527)	(45, 0.29997476659096645)	(50, 0.32567919925982)	(55, 0.336109008327025)	(60, 0.34499116830683824)	(65, 0.35468079737572544)	(70, 0.3628900664479771)	(75, 0.3716376482462781)	(80, 0.37675161914374633)	(85, 0.38300950458406924)	(90, 0.38946925729666076)	(95, 0.3965346118260577)	(100, 0.4035326772646985)	(105, 0.4095886954327529)	(110, 0.4156447136008075)	(115, 0.4179325426865169)	(120, 0.4214315754058374)	(125, 0.42614181175876864)	(130, 0.4319286735637985)	(135, 0.43899402809319543)	(140, 0.4420893262679788)
trimmed_trimmomatic | fastqc_results | Only_MNP_C4_S60_L002_R1_paired - illumina_universal_adapter	(1, 4.161002986801232e-06)	(2, 7.489805376242217e-06)	(3, 1.0818607765683203e-05)	(4, 1.5811811349844682e-05)	(5, 1.9140613739285667e-05)	(6, 2.2469416128726652e-05)	(7, 3.245582329704961e-05)	(8, 3.661682628385084e-05)	(9, 4.993203584161478e-05)	(10, 0.00011883824530304317)	(15, 0.0004042830501976077)	(20, 0.0009373907528665815)	(25, 0.001800216332209685)	(30, 0.002966795129589279)	(35, 0.004406502163022505)	(40, 0.006180254516236133)	(45, 0.008239285234224855)	(50, 0.010525340275173451)	(55, 0.013033093555258817)	(60, 0.01591100966105002)	(65, 0.019142611020719333)	(70, 0.02259108385606072)	(75, 0.026335487223823412)	(80, 0.030341035139037752)	(85, 0.03461421876636314)	(90, 0.038961801127092535)	(95, 0.043453853511523685)	(100, 0.048182583745844075)	(105, 0.05304446607574211)	(110, 0.05810690874960396)	(115, 0.06346661347684288)	(120, 0.06941085590366766)	(125, 0.07619695245478206)	(130, 0.08410918285424432)	(135, 0.09367882396340928)	(140, 0.10032344641297242)
trimmed_trimmomatic | fastqc_results | Only_MNP_C4_S60_L002_R2_paired - illumina_universal_adapter	(1, 4.9932035841614786e-06)	(2, 8.322005973602465e-06)	(3, 1.2483008960403695e-05)	(4, 1.830841314192542e-05)	(5, 2.5798218518167637e-05)	(6, 2.829482031024838e-05)	(7, 3.5784625686490596e-05)	(8, 3.8281227478571334e-05)	(9, 5.2428637633695525e-05)	(10, 0.00012316568840931648)	(15, 0.0004149352178438188)	(20, 0.0009665177737741903)	(25, 0.0018995810835344983)	(30, 0.0032151237878415757)	(35, 0.004866376213123777)	(40, 0.0069217452484841135)	(45, 0.00932647209461628)	(50, 0.01199117840736379)	(55, 0.014952148132771547)	(60, 0.01819406877984812)	(65, 0.021664678151079295)	(70, 0.02530722016572509)	(75, 0.029237537146938063)	(80, 0.03338405984334523)	(85, 0.03772648256037099)	(90, 0.04210635430427797)	(95, 0.0467020988831402)	(100, 0.051508223773015095)	(105, 0.0563684417017184)	(110, 0.06149746042336908)	(115, 0.06690293618346281)	(120, 0.07282620715523411)	(125, 0.07954739205975439)	(130, 0.08741584870779553)	(135, 0.09691292192487065)	(140, 0.10349246628772024)
trimmed_trimmomatic | fastqc_results | Only_MNP_C4_S60_L002_R2_unpaired - illumina_universal_adapter	(1, 0.0)	(2, 0.0)	(3, 0.0)	(4, 0.0)	(5, 0.0)	(6, 0.0)	(7, 0.0)	(8, 0.00032103656285414347)	(9, 0.00032103656285414347)	(10, 0.0005136585005666295)	(15, 0.0011557316262749164)	(20, 0.006805975132507841)	(25, 0.029150119907156224)	(30, 0.06696822701137432)	(35, 0.11268383356180434)	(40, 0.15878468398765938)	(45, 0.18966840133422797)	(50, 0.20180358341011456)	(55, 0.20995791210660983)	(60, 0.2168923018642593)	(65, 0.22292778924591722)	(70, 0.22684443531273776)	(75, 0.2332009592572498)	(80, 0.23885120276348273)	(85, 0.2461066290839864)	(90, 0.24950961665024032)	(95, 0.2543893724056233)	(100, 0.25984699397414374)	(105, 0.2641488839163893)	(110, 0.2695422981723389)	(115, 0.2742294319900093)	(120, 0.2795586389333881)	(125, 0.28719930912931674)	(130, 0.29541784513838276)	(135, 0.304342661585728)	(140, 0.308837173465686)
trimmed_trimmomatic | fastqc_results | Plasmid_Ko_P1_S61_L002_R2_paired - illumina_universal_adapter	(1, 1.6118045080673112e-06)	(2, 5.6413157782355895e-06)	(3, 8.059022540336556e-06)	(4, 1.1282631556471179e-05)	(5, 1.8535751842774078e-05)	(6, 2.1759360858908703e-05)	(7, 2.9012481145211603e-05)	(8, 3.5459699177480846e-05)	(9, 4.593642847991837e-05)	(10, 0.0001195958944985945)	(15, 0.0003723268413635489)	(20, 0.0009474186898419657)	(25, 0.002004117725330895)	(30, 0.0034881061359084684)	(35, 0.00554267334234187)	(40, 0.007990843209645309)	(45, 0.010789741737904196)	(50, 0.013961128287977437)	(55, 0.017397979040529362)	(60, 0.021082402965520435)	(65, 0.024997798476517542)	(70, 0.029028760370743083)	(75, 0.033275059347246415)	(80, 0.037669805518942744)	(85, 0.0421322474799779)	(90, 0.04665464856871317)	(95, 0.05139722215325042)	(100, 0.056153979617458674)	(105, 0.06084787670585229)	(110, 0.0657782255155794)	(115, 0.07081495342283893)	(120, 0.0761347142017151)	(125, 0.08186113325797664)	(130, 0.0882227644708675)	(135, 0.09545589838127036)	(140, 0.10024779318375449)
trimmed_trimmomatic | fastqc_results | Plasmid_Ko_P1_S61_L002_R2_unpaired - illumina_universal_adapter	(1, 0.000630127663864699)	(2, 0.000630127663864699)	(3, 0.000630127663864699)	(4, 0.000630127663864699)	(5, 0.000630127663864699)	(6, 0.000630127663864699)	(7, 0.001260255327729398)	(8, 0.001260255327729398)	(9, 0.001260255327729398)	(10, 0.001260255327729398)	(15, 0.001890382991594097)	(20, 0.008065634097468147)	(25, 0.03780765983188194)	(30, 0.09533831554272895)	(35, 0.17026049477624167)	(40, 0.23661293778119447)	(45, 0.28670808705843803)	(50, 0.30636807017101664)	(55, 0.3184035085508324)	(60, 0.3272252958449382)	(65, 0.33403067461467695)	(70, 0.3429784874415557)	(75, 0.3490907257810433)	(80, 0.3540687343255744)	(85, 0.35999193436590254)	(90, 0.366356223770936)	(95, 0.37007397698773775)	(100, 0.3729725642415153)	(105, 0.37587115149529293)	(110, 0.38047108344150526)	(115, 0.3866463345473793)	(120, 0.3937667771490504)	(125, 0.3989338239927409)	(130, 0.40460497296752324)	(135, 0.40914189214734903)	(140, 0.41462400282297196)
trimmed_trimmomatic | fastqc_results | Plasmid_Ko_P2_S62_L002_R2_unpaired - illumina_universal_adapter	(1, 0.0)	(2, 0.0)	(3, 0.0003354500229783266)	(4, 0.0003354500229783266)	(5, 0.0003354500229783266)	(6, 0.0003354500229783266)	(7, 0.0003354500229783266)	(8, 0.0003354500229783266)	(9, 0.0006709000459566532)	(10, 0.0009392600643393145)	(15, 0.0022139701516569557)	(20, 0.00972805066637147)	(25, 0.03696659253221159)	(30, 0.07695223527122812)	(35, 0.12921534885125138)	(40, 0.1779226921877044)	(45, 0.2125411345590677)	(50, 0.23018580576772768)	(55, 0.23756570627325088)	(60, 0.24474433676498702)	(65, 0.25118497720617095)	(70, 0.25715598761518516)	(75, 0.2626573679920297)	(80, 0.26735366831372626)	(85, 0.2736601287457188)	(90, 0.2786247890857981)	(95, 0.2829185493799206)	(100, 0.2892250098119132)	(105, 0.2935187701060357)	(110, 0.29808089041854097)	(115, 0.30331391077700287)	(120, 0.3078760310895081)	(125, 0.3132432314571614)	(130, 0.31941551187996253)	(135, 0.32451435222923314)	(140, 0.32773467244982507)
trimmed_trimmomatic | fastqc_results | Plasmid_Ko_P3_S63_L002_R1_paired - illumina_universal_adapter	(1, 3.6460631587467643e-06)	(2, 7.2921263174935285e-06)	(3, 7.2921263174935285e-06)	(4, 1.1849705265926985e-05)	(5, 1.731880000404713e-05)	(6, 2.1876378952480586e-05)	(7, 2.8256989480287424e-05)	(8, 3.554911579778095e-05)	(9, 4.557578948433455e-05)	(10, 0.00011138722949971365)	(15, 0.0004076298611478882)	(20, 0.001077411663409669)	(25, 0.002161386240505082)	(30, 0.0036743201482270517)	(35, 0.005767889613979444)	(40, 0.008216221025077897)	(45, 0.011066895505744054)	(50, 0.014321918390715227)	(55, 0.017795340458895335)	(60, 0.021579954017674475)	(65, 0.025730267711275918)	(70, 0.030173177973366782)	(75, 0.03497103248396165)	(80, 0.03994663257354542)	(85, 0.045139173421074624)	(90, 0.050549931148654824)	(95, 0.05606806543626012)	(100, 0.0616418021870363)	(105, 0.06733184835257648)	(110, 0.07319362409289366)	(115, 0.0791250396395429)	(120, 0.08529089704729956)	(125, 0.09191706992884799)	(130, 0.09903309139577406)	(135, 0.10672446162915035)	(140, 0.11178373886822736)
trimmed_trimmomatic | fastqc_results | Plasmid_Ko_P3_S63_L002_R2_paired - illumina_universal_adapter	(1, 4.557578948433455e-06)	(2, 6.380610527806837e-06)	(3, 6.380610527806837e-06)	(4, 1.0026673686553602e-05)	(5, 1.549576842467375e-05)	(6, 2.0053347373107204e-05)	(7, 2.643395790091404e-05)	(8, 3.1903052639034186e-05)	(9, 4.375275790496117e-05)	(10, 0.00010792346949890421)	(15, 0.00040525992009470284)	(20, 0.0011211644213146301)	(25, 0.002370670265817146)	(30, 0.004211567554668388)	(35, 0.006804465370011148)	(40, 0.009912916516000703)	(45, 0.01352379516526556)	(50, 0.01764566956622878)	(55, 0.022042821735677377)	(60, 0.02667660340412864)	(65, 0.03157381313579936)	(70, 0.0366679102780424)	(75, 0.04207210509193685)	(80, 0.04759242701743739)	(85, 0.053194238454535914)	(90, 0.05901517828747512)	(95, 0.06493055115622588)	(100, 0.07085576839550525)	(105, 0.07683458276321818)	(110, 0.08307226761520214)	(115, 0.0893640965050935)	(120, 0.0958210920560761)	(125, 0.10268535286189069)	(130, 0.11007865743203944)	(135, 0.11800975631810333)	(140, 0.12315489834456883)
trimmed_trimmomatic | fastqc_results | Plasmid_Ko_P3_S63_L002_R2_unpaired - illumina_universal_adapter	(1, 0.0006884634184962582)	(2, 0.0006884634184962582)	(3, 0.0006884634184962582)	(4, 0.0006884634184962582)	(5, 0.0006884634184962582)	(6, 0.0006884634184962582)	(7, 0.0006884634184962582)	(8, 0.0006884634184962582)	(9, 0.0006884634184962582)	(10, 0.0006884634184962582)	(15, 0.003166931725082788)	(20, 0.01611004399281244)	(25, 0.05776208081183606)	(30, 0.12812304218215365)	(35, 0.21087634508540393)	(40, 0.2872269381966389)	(45, 0.34698556292211413)	(50, 0.37335371185052085)	(55, 0.38491989728125797)	(60, 0.3969680071049425)	(65, 0.4058491852035441)	(70, 0.4130092047559053)	(75, 0.4215461511452589)	(80, 0.4306338682694095)	(85, 0.43765619513807136)	(90, 0.4457800634763272)	(95, 0.45183854155909425)	(100, 0.4576216342744628)	(105, 0.4626474172294855)	(110, 0.4699451294655458)	(115, 0.4749709124205685)	(120, 0.4814424685544334)	(125, 0.4877074856627493)	(130, 0.49569366131730597)	(135, 0.5016144467163738)	(140, 0.5049879174670054)
trimmed_trimmomatic | fastqc_results | Plasmid_Ko_P4_S64_L002_R2_paired - illumina_universal_adapter	(1, 5.027508894731581e-06)	(2, 6.703345192975441e-06)	(3, 1.0055017789463161e-05)	(4, 1.3406690385950882e-05)	(5, 1.927211742980439e-05)	(6, 2.8489217070145622e-05)	(7, 3.3516725964877204e-05)	(8, 4.440966190346229e-05)	(9, 5.4464679692925456e-05)	(10, 0.00012300638429109934)	(15, 0.00039465944823642904)	(20, 0.0009682982131253024)	(25, 0.0019629070561330334)	(30, 0.003496967603545463)	(35, 0.005503278819803012)	(40, 0.007920002345500481)	(45, 0.01060134042269066)	(50, 0.013620359513976974)	(55, 0.016992309729673447)	(60, 0.02066524014453451)	(65, 0.02459608176569531)	(70, 0.028710595045143637)	(75, 0.0329998980504988)	(80, 0.03744974617322572)	(85, 0.04220928884386811)	(90, 0.047061170094543726)	(95, 0.051944892234885985)	(100, 0.05694005748906146)	(105, 0.06199672593538248)	(110, 0.06712444984074904)	(115, 0.07228602563934014)	(120, 0.0776528913844661)	(125, 0.08320342878787959)	(130, 0.0892736430273785)	(135, 0.09590291625597157)	(140, 0.10028371992321083)
trimmed_trimmomatic | fastqc_results | Plasmid_Ko_P4_S64_L002_R2_unpaired - illumina_universal_adapter	(1, 0.0)	(2, 0.0)	(3, 0.0)	(4, 0.0)	(5, 0.0)	(6, 0.0)	(7, 0.0)	(8, 0.0)	(9, 0.0)	(10, 6.411160548282449e-05)	(15, 0.0017310133480362617)	(20, 0.008398620318250009)	(25, 0.0382105168677634)	(30, 0.08982035928143711)	(35, 0.1454692328405288)	(40, 0.19957942786803268)	(45, 0.241828975881214)	(50, 0.2596520022054392)	(55, 0.2694610778443114)	(60, 0.27766736334611297)	(65, 0.2838220774724641)	(70, 0.2906820192591263)	(75, 0.3009398761363782)	(80, 0.3069022554462809)	(85, 0.31222351870135534)	(90, 0.31703188911256713)	(95, 0.322930156816987)	(100, 0.32921309415430383)	(105, 0.33395735296003287)	(110, 0.34056084832476374)	(115, 0.344471656259216)	(120, 0.3485747990101168)	(125, 0.354344843503571)	(130, 0.3583197630435061)	(135, 0.36421803074792597)	(140, 0.3692828475810691)
trimmed_trimmomatic | fastqc_results | RNP_Cas1_S65_L002_R2_paired - illumina_universal_adapter	(1, 9.6168310237584e-06)	(2, 1.089907516025952e-05)	(3, 1.4745807569762881e-05)	(4, 1.731029584276512e-05)	(5, 2.308039445702016e-05)	(6, 2.756824893477408e-05)	(7, 3.654395789028192e-05)	(8, 4.359630064103808e-05)	(9, 5.7700986142550404e-05)	(10, 0.0001269421695136109)	(15, 0.00041108747016225904)	(20, 0.0010338734472608532)	(25, 0.0021178826402589003)	(30, 0.0036346492293260744)	(35, 0.005636232326404323)	(40, 0.008054160094604485)	(45, 0.01085355549341373)	(50, 0.014057755366116378)	(55, 0.01743300660662828)	(60, 0.021070220324227357)	(65, 0.02488733289417754)	(70, 0.02899948983993663)	(75, 0.03329064806715128)	(80, 0.03779273545482036)	(85, 0.04242548351999891)	(90, 0.04714914269445539)	(95, 0.05196845728149485)	(100, 0.05688919737973154)	(105, 0.06183276142359795)	(110, 0.06688916295147648)	(115, 0.07213623418245271)	(120, 0.0776887359667435)	(125, 0.08350704696053099)	(130, 0.08971054409292342)	(135, 0.09656631881755395)	(140, 0.10093184720468566)
trimmed_trimmomatic | fastqc_results | RNP_Cas1_S65_L002_R2_unpaired - illumina_universal_adapter	(1, 0.0)	(2, 0.0)	(3, 0.0)	(4, 0.0)	(5, 0.0)	(6, 0.0)	(7, 0.0)	(8, 0.0)	(9, 0.0)	(10, 0.0005612516933218702)	(15, 0.0015817093175434526)	(20, 0.00908207285557208)	(25, 0.04092035073128544)	(30, 0.09980075564887074)	(35, 0.1614363961518543)	(40, 0.22169441886213873)	(45, 0.26562511958487783)	(50, 0.2877690500304862)	(55, 0.29812669491633526)	(60, 0.3071067220094852)	(65, 0.31669902367716807)	(70, 0.32470961602730747)	(75, 0.3308323617726369)	(80, 0.3357815812501116)	(85, 0.34185330411423004)	(90, 0.34777195833471525)	(95, 0.35256810916855663)	(100, 0.3562927794969654)	(105, 0.3613950676180734)	(110, 0.36527280659011535)	(115, 0.3714465752166559)	(120, 0.3790489845171067)	(125, 0.38471252433153647)	(130, 0.3895086751653779)	(135, 0.39486607769254123)	(140, 0.39772335904036166)
trimmed_trimmomatic | fastqc_results | RNP_Cas2_S66_L002_R2_paired - illumina_universal_adapter	(1, 5.588906735510074e-06)	(2, 8.383360103265113e-06)	(3, 1.3273653496836428e-05)	(4, 1.6068106864591465e-05)	(5, 1.8163946890407743e-05)	(6, 2.2355626942040297e-05)	(7, 2.6547306993672855e-05)	(8, 3.353344041306045e-05)	(9, 5.099877396152943e-05)	(10, 0.00013217764429481325)	(15, 0.00044459753080982646)	(20, 0.0010761439919224648)	(25, 0.002173525829439868)	(30, 0.003742192227429158)	(35, 0.005792063495345866)	(40, 0.0082865322940724)	(45, 0.011166356212212354)	(50, 0.014416165756243073)	(55, 0.017956179282515156)	(60, 0.02166246278416866)	(65, 0.02556128412286049)	(70, 0.02961966874885113)	(75, 0.03389937408156797)	(80, 0.03832802377878615)	(85, 0.0428392495730215)	(90, 0.04744618539510246)	(95, 0.05210495832715526)	(100, 0.05678762383550238)	(105, 0.06156110907830152)	(110, 0.0663195042729148)	(115, 0.07130900076104144)	(120, 0.07659009845809328)	(125, 0.0822083469539648)	(130, 0.0886364280358117)	(135, 0.09633710318133426)	(140, 0.10158327021128918)
trimmed_trimmomatic | fastqc_results | RNP_Cas2_S66_L002_R2_unpaired - illumina_universal_adapter	(1, 0.0005606261072365618)	(2, 0.0005606261072365618)	(3, 0.0005606261072365618)	(4, 0.0005606261072365618)	(5, 0.0005606261072365618)	(6, 0.0005606261072365618)	(7, 0.0005606261072365618)	(8, 0.0005606261072365618)	(9, 0.0008409391608548426)	(10, 0.000953064382302155)	(15, 0.002466754871840872)	(20, 0.009810956876639831)	(25, 0.03963626578162492)	(30, 0.09345637207633486)	(35, 0.16678626690287715)	(40, 0.2334447110533043)	(45, 0.28036911622900457)	(50, 0.3032987240149799)	(55, 0.31148386518063376)	(60, 0.32359338909694346)	(65, 0.33334828336285965)	(70, 0.3402439844818693)	(75, 0.34820487520462856)	(80, 0.35453995021640167)	(85, 0.36048258695310925)	(90, 0.36614491063619853)	(95, 0.37006929338685446)	(100, 0.37533917879487816)	(105, 0.3802166259278362)	(110, 0.3863274504967147)	(115, 0.3925504002870405)	(120, 0.39591415693045995)	(125, 0.4009037292848653)	(130, 0.40757517996098047)	(135, 0.413349628865517)	(140, 0.41710582378400196)
trimmed_trimmomatic | fastqc_results | RNP_Cas3_S67_L002_R1_paired - illumina_universal_adapter	(1, 6.80215119618748e-06)	(2, 1.0203226794281221e-05)	(3, 1.4171148325390583e-05)	(4, 1.643853205745308e-05)	(5, 1.983960765554682e-05)	(6, 2.324068325364056e-05)	(7, 3.231021818189053e-05)	(8, 3.7411831579031145e-05)	(9, 4.648136650728112e-05)	(10, 0.00011869753837347153)	(15, 0.0004100563479435019)	(20, 0.0010032039322510503)	(25, 0.001976931875985288)	(30, 0.0033401963448878623)	(35, 0.005050030417236189)	(40, 0.007147360369393996)	(45, 0.009522671567102663)	(50, 0.012151816373615728)	(55, 0.01500112414051206)	(60, 0.018140997132672202)	(65, 0.021604312414211055)	(70, 0.025316586429530375)	(75, 0.02926070043145308)	(80, 0.03344402341710838)	(85, 0.03778640337156787)	(90, 0.04228092477444874)	(95, 0.046888588625559544)	(100, 0.05161245589293854)	(105, 0.05651034486175334)	(110, 0.061660253532386876)	(115, 0.06711149750101152)	(120, 0.07308151886753207)	(125, 0.07980975335405431)	(130, 0.08755581639789942)	(135, 0.09676944356232195)	(140, 0.10314158543372379)
trimmed_trimmomatic | fastqc_results | RNP_Cas3_S67_L002_R2_paired - illumina_universal_adapter	(1, 7.935843062218728e-06)	(2, 1.0203226794281221e-05)	(3, 1.3037456459359338e-05)	(4, 1.7572223923484326e-05)	(5, 2.2106991387609313e-05)	(6, 2.5508066985703053e-05)	(7, 3.344391004792178e-05)	(8, 3.7978677512046765e-05)	(9, 4.648136650728112e-05)	(10, 0.00011847080000026529)	(15, 0.000412777208421977)	(20, 0.0010272381998109128)	(25, 0.0021082133940717065)	(30, 0.003672027954075208)	(35, 0.005738748225850171)	(40, 0.008263139903941947)	(45, 0.011150312979163727)	(50, 0.014385189349697283)	(55, 0.017878093988939556)	(60, 0.021554883448852095)	(65, 0.02550092472694705)	(70, 0.029620534229731398)	(75, 0.03389579962572183)	(80, 0.038361751993578726)	(85, 0.042938125949187056)	(90, 0.047698271356279055)	(95, 0.0525217901386822)	(100, 0.0574633262443392)	(105, 0.06250780157143185)	(110, 0.06784352233890789)	(115, 0.07351889718944692)	(120, 0.07965511778352764)	(125, 0.08646123690124623)	(130, 0.09432429694566576)	(135, 0.10368972545094987)	(140, 0.11015346962512704)
trimmed_trimmomatic | fastqc_results | RNP_Cas3_S67_L002_R2_unpaired - illumina_universal_adapter	(1, 0.0002116827721975847)	(2, 0.0004233655443951694)	(3, 0.0004233655443951694)	(4, 0.0004233655443951694)	(5, 0.0004233655443951694)	(6, 0.0004233655443951694)	(7, 0.0006350483165927541)	(8, 0.0006350483165927541)	(9, 0.0006350483165927541)	(10, 0.0008043945343508219)	(15, 0.0029635588107661858)	(20, 0.010118436511044548)	(25, 0.04153215990516612)	(30, 0.0884410622241509)	(35, 0.15351234639768843)	(40, 0.21612811041373398)	(45, 0.2664662736423196)	(50, 0.28826959917867084)	(55, 0.29572083276002586)	(60, 0.3037647781035341)	(65, 0.31159704067484467)	(70, 0.3193022935828368)	(75, 0.3261608154020385)	(80, 0.3332733565478774)	(85, 0.33920047416940974)	(90, 0.3443231972565913)	(95, 0.3502079783236841)	(100, 0.35744752913284156)	(105, 0.3618928673489908)	(110, 0.367311946317249)	(115, 0.37218065007779344)	(120, 0.3781501042537653)	(125, 0.3848816164096485)	(130, 0.39097808024893893)	(135, 0.3977095924048221)	(140, 0.403679046580794)
trimmed_trimmomatic | fastqc_results | RNP_Cas4_S68_L002_R2_paired - illumina_universal_adapter	(1, 3.7191912425245185e-06)	(2, 8.058247692136456e-06)	(3, 1.0537708520486136e-05)	(4, 1.3017169348835815e-05)	(5, 1.6736360591360333e-05)	(6, 2.2935012662234532e-05)	(7, 3.161312556145841e-05)	(8, 3.8431642839420027e-05)	(9, 4.5870025324469064e-05)	(10, 0.0001105839529443957)	(15, 0.00038840753876097725)	(20, 0.001008024799765562)	(25, 0.0020888217748431873)	(30, 0.0036260874884199885)	(35, 0.005660857017205153)	(40, 0.008169327537246522)	(45, 0.010998144396310671)	(50, 0.014205450950822398)	(55, 0.01773198808698415)	(60, 0.02154019197324642)	(65, 0.025539438316333034)	(70, 0.02977014232774609)	(75, 0.03422003067638526)	(80, 0.03889604585256992)	(85, 0.04370359642569853)	(90, 0.04857375338474297)	(95, 0.053589082775287275)	(100, 0.058721070797805454)	(105, 0.06389186238228729)	(110, 0.06906848069971575)	(115, 0.07455800697368194)	(120, 0.08017696110288798)	(125, 0.08616647065289088)	(130, 0.0926645176187883)	(135, 0.09981292715996185)	(140, 0.10442993116843179)
trimmed_trimmomatic | fastqc_results | RNP_Cas4_S68_L002_R2_unpaired - illumina_universal_adapter	(1, 0.00046560353858689327)	(2, 0.00046560353858689327)	(3, 0.00046560353858689327)	(4, 0.00046560353858689327)	(5, 0.00046560353858689327)	(6, 0.00046560353858689327)	(7, 0.00046560353858689327)	(8, 0.00046560353858689327)	(9, 0.00046560353858689327)	(10, 0.0005121638924455825)	(15, 0.0015364916773367477)	(20, 0.010289838202770341)	(25, 0.04325456873472239)	(30, 0.10108252822721453)	(35, 0.16803631707600977)	(40, 0.2326155278780119)	(45, 0.2738214410429519)	(50, 0.29426143638691654)	(55, 0.3024560586660458)	(60, 0.31079036200675125)	(65, 0.32056803631707603)	(70, 0.328064253288325)	(75, 0.33565359096729136)	(80, 0.34254452333837737)	(85, 0.3473402397858224)	(90, 0.35558142241881036)	(95, 0.3615877080665813)	(100, 0.365824700267722)	(105, 0.37024793388429755)	(110, 0.375276452101036)	(115, 0.38025840996391574)	(120, 0.3846350832266325)	(125, 0.38929111861250143)	(130, 0.39576300779885926)	(135, 0.4015830520311954)	(140, 0.40414387149342335)
